baseMean	log2FoldChange	lfcSE	stat	pvalue	padj
ENSRNOG00000000035	0	NA	NA	NA	NA	NA
ENSRNOG00000000041	1.34750440950896	0.0646678121914508	1.83000328178639	0.0353375389186867	0.971810590283772	NA
ENSRNOG00000000043	112.344798945744	0.22919962552943	0.349902313184559	0.655038897695245	0.512442710456646	0.757812367676234
ENSRNOG00000000044	431.806637355227	0.0543890926449005	0.144671908617862	0.375947847543537	0.706955668150751	0.885939648411065
ENSRNOG00000000048	2117.93304207462	-0.000590120836718954	0.110469019125194	-0.00534195778501639	0.995737754630488	0.997857113381702
ENSRNOG00000000060	36.8700305706832	2.86814642472818	0.934422336440659	3.06943264611303	0.00214465758667834	0.0149190916994203
ENSRNOG00000000062	248.690921605848	0.603743552755247	0.179904912030083	3.35590366011959	0.000791061202094191	0.0059845499636691
ENSRNOG00000000064	1105.66545437647	-0.0464087487162067	0.141769685846497	-0.327353118116213	0.743400821034583	0.900360159118451
ENSRNOG00000000065	61.9366145515373	-0.966417904462729	0.684948351989399	-1.41093544010408	0.158263651070789	0.393398218375962
ENSRNOG00000000070	0.154807151636315	-0.908145989626105	4.0804728567969	-0.222559007619275	0.823878743404926	NA
ENSRNOG00000000073	201.896632471946	0.559346191879483	0.198364168814376	2.81979449828413	0.00480544132596138	0.0285050042289982
ENSRNOG00000000075	307.862418015085	0.146025456191213	0.169432847133037	0.86184856515192	0.388770856063446	0.6902666219902
ENSRNOG00000000081	81.2549539957799	0.317594989805795	0.4339557595661	0.731860294061655	0.464253843304233	0.725547787947874
ENSRNOG00000001531	103.250990615002	0.0574385796308985	0.246115021318461	0.233381039983641	0.815465534621105	0.936515422124493
ENSRNOG00000001912	0	NA	NA	NA	NA	NA
ENSRNOG00000001942	0.166904791710091	-0.908145989626105	4.0804728567969	-0.222559007619275	0.823878743404926	NA
ENSRNOG00000001945	0	NA	NA	NA	NA	NA
ENSRNOG00000001949	0	NA	NA	NA	NA	NA
ENSRNOG00000001950	0	NA	NA	NA	NA	NA
ENSRNOG00000001951	0	NA	NA	NA	NA	NA
ENSRNOG00000001957	0	NA	NA	NA	NA	NA
ENSRNOG00000001960	5.09554518136288	2.77414519360212	1.5515994256057	1.78792615401954	0.0737879226625273	0.235212631160927
ENSRNOG00000001967	0	NA	NA	NA	NA	NA
ENSRNOG00000001973	0.168658143165405	-0.908145989626105	4.0804728567969	-0.222559007619275	0.823878743404926	NA
ENSRNOG00000001980	0	NA	NA	NA	NA	NA
ENSRNOG00000001990	0.321875291460475	0.0536346898027527	4.0804728567969	0.0131442339368617	0.989512720661823	NA
ENSRNOG00000001996	1406.39790714156	-0.107123909095631	0.140514403175639	-0.762369598237767	0.445839445788721	0.716407338997861
ENSRNOG00000002002	0	NA	NA	NA	NA	NA
ENSRNOG00000002004	11.2875659584391	0.283379830560513	0.935594148849423	0.302887561779869	0.761975550652029	0.912273480367796
ENSRNOG00000002005	0.180346063181631	1.01540736201638	4.0804728567969	0.248845513167673	0.803480283788506	NA
ENSRNOG00000002011	0	NA	NA	NA	NA	NA
ENSRNOG00000002014	4.30230522863684	-0.413970636283099	1.11260870805172	-0.372072080046901	0.709839183304356	0.885939648411065
ENSRNOG00000002024	143.366809892129	-1.02463548125939	0.273763533837808	-3.74277562425988	0.000181998729500053	0.00175932105183385
ENSRNOG00000002031	9.55835040421296	0.132421597525725	0.830662290629748	0.159416888210168	0.873340434189972	0.946691765584673
ENSRNOG00000002035	362.377950947275	0.212141814712947	0.24934868372567	0.850783776129104	0.394889475574131	0.696392926519244
ENSRNOG00000002039	1071.90090012112	-0.0626228383682706	0.101163846183232	-0.619023897676309	0.535900615789032	0.770711904652029
ENSRNOG00000002040	430.973841609398	0.759788276846134	0.133182783940428	5.70485354312748	1.1644316585728e-08	1.96075266379032e-07
ENSRNOG00000002042	0.333563211476701	1.89014526029786	4.03990071424067	0.467869235903519	0.639878104735059	NA
ENSRNOG00000002045	225.256861560146	0.595508502878185	0.343935753291744	1.73145274132941	0.083371046818395	0.255998155524719
ENSRNOG00000002050	2738.11498941226	-0.234045458605836	0.170804594952576	-1.37025270702359	0.170608030427892	0.414817332479869
ENSRNOG00000002053	331.691263871903	-1.40591776602259	0.399786983545355	-3.51666718499627	0.000437001352566572	0.00393301217309915
ENSRNOG00000002054	205.616243554681	-0.123856365263558	0.185610499689928	-0.66729180445323	0.504585760296371	0.754709933738412
ENSRNOG00000002055	154.108307993425	-0.101416129106833	0.227112942271755	-0.446544913259422	0.655203677198681	0.859337486175155
ENSRNOG00000002057	5.1081417163552	0.713176535515107	1.11770145560442	0.638074265662866	0.523425337561502	0.761511052195121
ENSRNOG00000002061	171.151895431731	0.892115065844367	0.483962133413138	1.84335716423253	0.0652768799558738	0.214305228534378
ENSRNOG00000002070	4.34700446579232	-0.85430329846916	1.17725809298965	-0.725672054035028	0.468039837622135	0.725547787947874
ENSRNOG00000002073	28.2701427442613	0.955277624193703	0.490416729098032	1.94788955497223	0.0514281798643131	0.176878310439736
ENSRNOG00000002074	170.383585971582	-0.0709449973490937	0.20810930835231	-0.340902566592506	0.733176932573949	0.895372519439713
ENSRNOG00000002075	596.781006172739	-0.136466478678672	0.15327194756906	-0.890355220528431	0.373275178856556	0.674220219249559
ENSRNOG00000002079	273.398512867455	2.01546129226021	0.319926775086502	6.29975809844382	2.98110518822376e-10	6.22454763301122e-09
ENSRNOG00000002085	2.83637469918269	-0.452598071897412	1.33262971586099	-0.339627779953111	0.734136855019535	0.895372519439713
ENSRNOG00000002089	347.58932807827	-0.0895293332466439	0.148785025543472	-0.601736182250985	0.547349761258628	0.778519278956414
ENSRNOG00000002093	346.599585674365	1.82003884309586	0.680047379930006	2.67634123269939	0.0074430821208796	0.0413328602882889
ENSRNOG00000002097	17.6428531330213	2.75030688776282	0.788815053523232	3.4866308337786	0.000489146058778544	0.00425557071137333
ENSRNOG00000002100	856.777908709114	0.459121250706796	0.139586249037538	3.28915816473676	0.00100487537514507	0.00728534646980173
ENSRNOG00000002101	367.885680705914	0.109039660429665	0.164689636024242	0.662091817445117	0.507912379532388	0.757515034616876
ENSRNOG00000002105	55.9747279105757	0.0931709708288383	0.391556531619358	0.237950240399545	0.811919688170097	0.935589574447662
ENSRNOG00000002106	2192.88997984057	0.334358008509103	0.130745819793995	2.55731318244761	0.0105484200623065	0.0551574515828558
ENSRNOG00000002112	1718.6475982515	0.603761073391836	0.162417987536426	3.71732886578482	0.000201340282593895	0.0019109023184366
ENSRNOG00000002117	9.29082540898848	0.588547935806893	0.929886017198543	0.63292481543061	0.526782741754005	0.761719089184461
ENSRNOG00000002120	1.34867960515226	-2.67897621081923	3.32337171094047	-0.806101888031392	0.42018410304148	NA
ENSRNOG00000002121	1022.84731061381	0.744743792318848	0.159998911530832	4.65468036746821	3.24483680631133e-06	4.45738108656451e-05
ENSRNOG00000002122	31.6854994973604	-0.12925167068368	0.567713302089852	-0.227670674983098	0.819902271726272	0.937791623373451
ENSRNOG00000002125	918.346477295931	0.874833042433779	0.135614249454978	6.45089322065829	1.11192826402453e-10	2.52359371226437e-09
ENSRNOG00000002127	0	NA	NA	NA	NA	NA
ENSRNOG00000002128	536.008463339924	1.04945998365735	0.159779590386742	6.56817295073268	5.09363602450719e-11	1.26613238323464e-09
ENSRNOG00000002129	1485.85885831	0.142111923676882	0.141180273579433	1.00659901042709	0.314127510202523	0.607816421318274
ENSRNOG00000002130	0.180346063181631	1.01540736201638	4.0804728567969	0.248845513167673	0.803480283788506	NA
ENSRNOG00000002134	21.9768718649784	-1.73082115842461	0.617612764577614	-2.80243747813134	0.00507180459814373	0.0297469887666407
ENSRNOG00000002135	614.364766894254	-0.0619447456138368	0.116957494320703	-0.529634684580206	0.59636524143427	0.821379039653534
ENSRNOG00000002137	452.752598192455	0.191718946465494	0.199003883243632	0.963392991838155	0.335350341941643	0.634249559759194
ENSRNOG00000002139	824.822789641462	2.14192487909592	0.187504665850955	11.4233150912549	3.19798013165488e-30	3.41799807470903e-28
ENSRNOG00000002142	1526.42420527125	0.741202755548911	0.164059484481366	4.51789031211479	6.24588232866907e-06	7.9520745745494e-05
ENSRNOG00000002144	741.781043636729	-0.430821577854106	0.113392678813539	-3.79937737040801	0.000145060067834464	0.00145617991172289
ENSRNOG00000002146	504.218139480459	-0.0430050403816801	0.226000897912976	-0.190287033276476	0.849084213963312	0.942891419668391
ENSRNOG00000002149	0.360692126363262	1.98951939866734	4.03117982256618	0.493532783511712	0.621636181492952	NA
ENSRNOG00000002152	466.066530485191	0.517950162389726	0.15281079218419	3.38948679596803	0.000700235810945893	0.00545556855692174
ENSRNOG00000002153	309.649542015932	0.0400120513747533	0.242356342469584	0.165095953202771	0.868868458181149	0.946691765584673
ENSRNOG00000002154	0.180346063181631	1.01540736201638	4.0804728567969	0.248845513167673	0.803480283788506	NA
ENSRNOG00000002158	0.489960366454261	-0.775259162577676	4.04394072020015	-0.191708834579382	0.84797028535706	NA
ENSRNOG00000002159	28.9540946052538	0.537517013673663	0.708162149537827	0.759030984675567	0.447834022004554	0.716407338997861
ENSRNOG00000002161	22.4860702290548	-0.154089334047142	0.600434747344747	-0.256629608343886	0.79746471613107	0.929188798706291
ENSRNOG00000002163	236.569135397925	0.469399398761671	0.231322688872369	2.0291973997443	0.0424381883257031	0.154914225916203
ENSRNOG00000002164	18.5252547893856	1.54131835252633	0.649643229579401	2.37256124954034	0.0176652339791717	0.0838295648829784
ENSRNOG00000002165	80.7073124104179	-0.954210838916355	0.317073220903271	-3.00943370808175	0.00261735190037474	0.0166616791706782
ENSRNOG00000002167	1.13513760460239	-2.39472955725201	2.45509726842546	-0.97541127516623	0.329356292979415	NA
ENSRNOG00000002168	0	NA	NA	NA	NA	NA
ENSRNOG00000002169	121.838154872706	0.192455194191273	0.281839645839033	0.68285351983869	0.494699406895959	0.748501711303451
ENSRNOG00000002174	6.23805700787701	1.32584054696863	0.978763066135818	1.35460827328015	0.175542396163135	0.418416122361444
ENSRNOG00000002175	2274.71326357728	-0.0257975204188264	0.103944414051911	-0.248185731326964	0.803990705801029	0.932629218729193
ENSRNOG00000002177	301.601041819677	-0.354452247259407	0.163357791305587	-2.16979088922882	0.0300226908786637	0.117833418335808
ENSRNOG00000002178	173.013951144015	-0.0926358240169247	0.208813947349785	-0.44362852765649	0.657311176988487	0.859940938315765
ENSRNOG00000002180	1392.50197503762	2.38223327677644	0.170598484516689	13.9639767816542	2.5859263011368e-44	6.74926764596705e-42
ENSRNOG00000002181	107.489633995077	-0.169336357325709	0.250644318561187	-0.675604211967689	0.499291966607482	0.753267071008976
ENSRNOG00000002182	543.137901583854	0.433390582040736	0.238771947389272	1.81508165753733	0.0695113615505707	0.22642095697693
ENSRNOG00000002185	258.894067607546	0.0363478468967429	0.164894988717046	0.220430270073971	0.825536073005243	0.938942275069826
ENSRNOG00000002186	257.897580618409	-0.306088989301173	0.201806100681041	-1.51674794898769	0.129330333236069	0.338540428816456
ENSRNOG00000002188	9.13647230598675	0.743812790132456	0.889886689620236	0.835851124427855	0.403238661228448	0.698179960587147
ENSRNOG00000002191	29.9298701272933	0.0956822763952021	0.441972024847855	0.216489440543527	0.828606255237347	0.938942275069826
ENSRNOG00000002192	465.741151659632	1.55883736947906	0.207232520201688	7.52216576800749	5.38762131310172e-14	1.75771145339944e-12
ENSRNOG00000002194	161.022027248476	-0.128390407920101	0.201565111958551	-0.63696741302385	0.524146070030673	0.761511052195121
ENSRNOG00000002196	62.6859192221237	-0.194836132306303	0.328447199739833	-0.593203816201312	0.553044758996293	0.784026011409691
ENSRNOG00000002199	230.86202813909	0.00651531769635571	0.187028050918683	0.0348360455255371	0.972210477892135	0.993390139949119
ENSRNOG00000002200	0.15321714829507	1.01540736201638	4.0804728567969	0.248845513167673	0.803480283788506	NA
ENSRNOG00000002202	0.979920732908521	-0.799333974462664	3.61309298449122	-0.221232605386496	0.82491132275154	NA
ENSRNOG00000002203	223.666930019037	0.331166380689655	0.201014173952348	1.64747775830057	0.0994598841790562	0.290045025371326
ENSRNOG00000002204	485.18182085124	-0.135870624759108	0.170399926309157	-0.797363166182349	0.425240144848675	0.709186439651784
ENSRNOG00000002205	866.163456906937	0.26885165497524	0.123059594224961	2.18472729955344	0.0289088473052929	0.116374437644142
ENSRNOG00000002207	442.392567129137	-0.311216802666623	0.146713049165932	-2.12126190843895	0.0338997680133809	0.130115286051359
ENSRNOG00000002208	1059.63538716721	1.54167789332897	0.178426121676713	8.64042707895824	5.60032758654768e-18	1.94891400011859e-16
ENSRNOG00000002210	3259.76551296519	0.129240753174748	0.139967041734113	0.923365612172176	0.355816705927146	0.656312086551132
ENSRNOG00000002212	51.1586952376908	0.946110414006439	0.43241123920178	2.18798756422922	0.0286705081762232	0.116374437644142
ENSRNOG00000002214	228.425916667336	0.105177974819401	0.18022760623838	0.583584152365018	0.559500124886676	0.785722744402849
ENSRNOG00000002216	44.3561350692765	-0.105435494905729	0.385471790127228	-0.273523245036762	0.784451026401742	0.924341841493701
ENSRNOG00000002217	16.9412942711464	0.143704891173089	0.694921556801974	0.206792967877437	0.836171548273862	0.938942275069826
ENSRNOG00000002218	16.884299392847	0.326606495949735	0.589930558718472	0.553635493403214	0.579828330098807	0.806122465226238
ENSRNOG00000002224	0.176320256628727	1.01540736201638	4.0804728567969	0.248845513167673	0.803480283788506	NA
ENSRNOG00000002225	2046.63953368657	-0.254685831278643	0.111900451543298	-2.27600360647425	0.0228457937603049	0.0977500355973701
ENSRNOG00000002227	7351.07197653348	-0.182071897919101	0.19428518674536	-0.937137313292615	0.348687930041039	0.652383869109042
ENSRNOG00000002232	693.308331657061	0.808131792711827	0.283118368374776	2.85439548606775	0.00431188166090303	0.0261721189185045
ENSRNOG00000002244	1610.53564585844	0.420074927184152	0.177030439196999	2.37289659953164	0.0176492039765369	0.0838295648829784
ENSRNOG00000002246	1154.42415643612	0.18911097916964	0.12301047639189	1.53735669283294	0.124205985400083	0.331214818059953
ENSRNOG00000002247	370.757270796595	-0.0586503080757414	0.168765218279092	-0.347526040459058	0.728196158685768	0.894396223138755
ENSRNOG00000002248	1768.11274121915	-0.0623336429491307	0.119191939011407	-0.522968612358637	0.60099609594327	0.825578847585229
ENSRNOG00000002251	553.709906338012	-0.345410068039869	0.121360791597773	-2.8461421806201	0.00442524314814624	0.0265514588888774
ENSRNOG00000002254	820.499374222495	0.456570373838796	0.137850046944123	3.31207993004069	0.000926050834872335	0.00680843008173745
ENSRNOG00000002256	26.7366853844562	0.39277163613046	0.495375777540371	0.792876143602825	0.427849987845929	0.710128742961376
ENSRNOG00000002258	1479.01892500023	-0.443538701271658	0.19234000812826	-2.30601373883633	0.0211098646681537	0.0933843165828494
ENSRNOG00000002262	251.454750380227	-0.0129079545648565	0.194824137461962	-0.0662543909241053	0.947175294165406	0.981002983242742
ENSRNOG00000002266	0	NA	NA	NA	NA	NA
ENSRNOG00000002267	124.852923506079	0.348771639188611	0.220888454417661	1.57894915833466	0.1143477191533	0.314155312621172
ENSRNOG00000002270	1139.16499159513	-0.179868163152995	0.134679614619766	-1.33552626847655	0.181704163714453	0.423591729209283
ENSRNOG00000002271	452.730005732268	0.115717677088412	0.138969888085268	0.832681659910457	0.405024290641129	0.698179960587147
ENSRNOG00000002272	579.132324012536	1.62847579988184	0.244023258174517	6.67344503169122	2.49867199112346e-11	6.52153389683222e-10
ENSRNOG00000002273	819.310674163413	-0.260125388233151	0.125079739206006	-2.07967645187303	0.037555219388112	0.142056699424598
ENSRNOG00000002275	1235.59632048758	0.134669086853732	0.130920121044093	1.02863552049708	0.303650979929267	0.591439595235363
ENSRNOG00000002278	190.906146493996	-0.256356615492883	0.243384976383959	-1.05329679465695	0.292204987523014	0.573424825139148
ENSRNOG00000002292	346.812577346237	-0.215847628158096	0.172194151897953	-1.25351311748388	0.21001902827156	0.472542813611011
ENSRNOG00000002301	1714.0830754792	-0.0854348829301463	0.110706540322824	-0.771723898886328	0.440277972855317	0.716407338997861
ENSRNOG00000002302	34.8421691280971	0.684361222275174	0.532288765446592	1.28569540952267	0.198549383938709	0.454573589543887
ENSRNOG00000002312	82.6661739264056	0.6061441855162	0.438483769359351	1.38236401863132	0.166859958267007	0.412800465475723
ENSRNOG00000002318	2165.44732732128	-1.01580211021093	0.140044347395442	-7.25343171004693	4.06342298402902e-13	1.24770988097832e-11
ENSRNOG00000002320	275.251790893362	-0.299333896939556	0.172516825234493	-1.73509973031724	0.0827231420815264	0.255511716961874
ENSRNOG00000002327	6.61452070139433	6.19454090835947	2.05215090021253	3.01856013986005	0.00253978986693778	0.0163675346980435
ENSRNOG00000002336	8.77027104207798	3.64342022802762	1.37829728164017	2.64342118101834	0.00820728716940012	0.0450968831834407
ENSRNOG00000002343	213.6900659363	0.387988717011445	0.312221599076098	1.24267096882327	0.213989106094685	0.479409070306548
ENSRNOG00000002345	250.491931149094	0.349682881264068	0.203799264737189	1.71582013171149	0.0861949683295015	0.261538199656026
ENSRNOG00000002349	7.80317193229901	3.89613307432468	1.70981058349914	2.27869280487854	0.0226853327605176	0.0977500355973701
ENSRNOG00000002360	21.3395288235074	3.75253075140443	1.22865318920325	3.0541822414817	0.00225674944560831	0.0151827962626153
ENSRNOG00000002361	7.06411457270182	0.938900884890732	1.33904723436645	0.701170848043278	0.483196400362481	0.744184691375294
ENSRNOG00000002381	84.8467935037523	0.588367713024648	0.540584702485114	1.08839134796059	0.276422379063836	0.550734663631001
ENSRNOG00000002408	403.375597443151	0.170467414763419	0.147410524060626	1.15641278565233	0.247512354300424	0.515932140395108
ENSRNOG00000002433	1867.31992002001	0.122110804173451	0.121456912634921	1.0053837325875	0.314712109898433	0.607816421318274
ENSRNOG00000002484	0	NA	NA	NA	NA	NA
ENSRNOG00000002506	2041.12465931045	-0.117362554185041	0.22154826280396	-0.529738092728315	0.596293532985716	0.821379039653534
ENSRNOG00000002540	20.9586458542152	-0.789509400065362	0.527845404301892	-1.49572089409311	0.134726403125315	0.346439322322239
ENSRNOG00000002541	1208.12190764402	0.173573130865435	0.0986970113213537	1.75864627045583	0.0786376086851275	0.247282118877329
ENSRNOG00000002546	333.777464305978	-0.0928477897990903	0.157582859609102	-0.589199802753976	0.555727249466639	0.784026011409691
ENSRNOG00000002553	644.176816292864	0.766137995596647	0.1265103392783	6.05593187060607	1.39607083971317e-09	2.80288068588568e-08
ENSRNOG00000002579	415.812412513864	1.53321382618234	0.415592420433402	3.68922470863019	0.00022493847999631	0.00205996292207147
ENSRNOG00000002643	2285.19453704824	0.046495101875579	0.122356690047911	0.379996401156102	0.703948086603249	0.885939648411065
ENSRNOG00000002728	38.7534577420474	-1.48578741169559	0.512612659815238	-2.89846023746491	0.00374999855405363	0.0233035624430476
ENSRNOG00000002754	0.15321714829507	1.01540736201638	4.0804728567969	0.248845513167673	0.803480283788506	NA
ENSRNOG00000002759	129.041829424661	-0.927175377423074	0.217181908686327	-4.26911883697543	1.96246697799523e-05	0.000232819946025798
ENSRNOG00000002771	0.352640513257454	1.96106553381133	4.03361776917057	0.486180309101173	0.626839331061461	NA
ENSRNOG00000002782	0	NA	NA	NA	NA	NA
ENSRNOG00000002792	0.335562934875495	-1.83786476698326	4.03483017162905	-0.45549990676342	0.648749634634173	NA
ENSRNOG00000002802	2.33825947537815	0.876463454661977	1.54038945589904	0.568988220028053	0.5693641342716	NA
ENSRNOG00000002829	0.30643429659014	1.78542823591434	4.04974093088919	0.440874679734715	0.659303725205446	NA
ENSRNOG00000002834	0.333809583420181	-1.83128371835181	4.0354062710164	-0.453804052272181	0.649969866725548	NA
ENSRNOG00000002843	0.820343571248473	3.18891267390367	3.6373340411535	0.876717023463805	0.38064035798714	NA
ENSRNOG00000002855	1250.08428589915	-0.143896171428862	0.123212382247982	-1.16787102727429	0.242858792415491	0.51356025915613
ENSRNOG00000002866	6.94730203662271	-1.13332132741801	0.946270847970285	-1.19767118457569	0.231045051536317	0.50252298709149
ENSRNOG00000002878	0	NA	NA	NA	NA	NA
ENSRNOG00000002889	0.333809583420181	-1.83128371835181	4.0354062710164	-0.453804052272181	0.649969866725548	NA
ENSRNOG00000002911	0.717358446173621	2.98686095563762	3.86841032276283	0.772115858046931	0.440045810682644	NA
ENSRNOG00000002932	287.668745328766	-0.127464323425506	0.184135183236733	-0.692232310984433	0.48879145062164	0.745333779599709
ENSRNOG00000002940	2503.89212355504	0.00526483509861331	0.10291376316988	0.0511577357240606	0.95919982972482	0.989530259123233
ENSRNOG00000002956	1391.74794021714	-0.0185347736929519	0.117018762120001	-0.158391469514476	0.874148335271672	0.946691765584673
ENSRNOG00000003003	381.445786733902	-0.410943038372008	0.168200695429202	-2.44317086396935	0.0145588426493808	0.0730741909901614
ENSRNOG00000003052	76.1197370956707	-0.339532238813783	0.285912205048124	-1.18754020576573	0.235014607417562	0.504846193711799
ENSRNOG00000003064	10.2472888871106	0.231484148192558	0.764220571569607	0.302902272987915	0.761964339089244	0.912273480367796
ENSRNOG00000003067	1.28717446961376	-1.62452385111442	2.26919776526601	-0.715902278761488	0.474051691286568	NA
ENSRNOG00000003069	16.4843957757902	1.69704048547437	0.858780632143184	1.97610474893829	0.0481429146858983	0.169091032142629
ENSRNOG00000003095	0.360692126363262	1.98951939866734	4.03117982256618	0.493532783511712	0.621636181492952	NA
ENSRNOG00000003098	241.708400066737	-0.512013394692131	0.239386160283638	-2.13885963200826	0.0324470382298787	0.126398163850722
ENSRNOG00000003119	0.168658143165405	-0.908145989626105	4.0804728567969	-0.222559007619275	0.823878743404926	NA
ENSRNOG00000003134	2654.51368369815	1.23381267555613	0.138115207178292	8.93321380580064	4.13808875877719e-19	1.54291595148692e-17
ENSRNOG00000003174	954.238070648302	0.0876165114763015	0.106180592986197	0.825165023213717	0.409277907930396	0.698179960587147
ENSRNOG00000003205	102.873652791174	-0.168981692930798	0.286283193796466	-0.590260611144839	0.555015942349421	0.784026011409691
ENSRNOG00000003253	312.357149663591	0.191393260248736	0.152617321098692	1.25407299034537	0.209815476603715	0.472542813611011
ENSRNOG00000003289	611.834873628318	0.255050607773141	0.131817196638669	1.93488114052579	0.0530048830086417	0.179665902146175
ENSRNOG00000003296	74.1178465747372	1.14996448236339	0.310979312660373	3.69788097004152	0.000217406785645246	0.00202654182333604
ENSRNOG00000003374	62.0166719628246	-2.26461768357195	0.651831047717522	-3.47424028281842	0.000512302045236304	0.00438396176415329
ENSRNOG00000003392	1353.62188734645	0.458100235783549	0.1369843626555	3.34417905009798	0.000825264565753286	0.00615411576176022
ENSRNOG00000003428	1278.57665544005	0.0181218765867947	0.157747051392546	0.11487933642385	0.908540763789951	0.965902807939622
ENSRNOG00000003553	702.426141546649	0.0664344156956746	0.147140939522782	0.451501913139466	0.651627846501531	0.856800342251383
ENSRNOG00000003592	287.925530973371	0.312224673545176	0.153061594807725	2.03986293189609	0.0413639796481564	0.154035523936853
ENSRNOG00000003599	261.35876181192	-0.307004495561898	0.197929423642501	-1.55108063223792	0.120882361964093	0.328648921589877
ENSRNOG00000003600	588.031111141171	-0.345294334077219	0.14721847017577	-2.34545525208188	0.0190038596062311	0.0885715599504701
ENSRNOG00000003606	46.3645758375482	-1.13353188703833	1.09922421394144	-1.03121080545877	0.302441974580138	0.591291051426337
ENSRNOG00000003666	4.54715406540382	-0.822633829653753	1.11723522566051	-0.736312112937013	0.46154077628005	0.725547787947874
ENSRNOG00000003672	0.168658143165405	-0.908145989626105	4.0804728567969	-0.222559007619275	0.823878743404926	NA
ENSRNOG00000003704	21.545492746847	0.0208053822313492	0.602576819820908	0.0345273524420218	0.972456631252874	0.993390139949119
ENSRNOG00000003712	1994.20531264557	-0.0414056613018345	0.117163757670208	-0.353399909026331	0.723788654014268	0.893773935806706
ENSRNOG00000003718	0.349004206347036	0.0536346898027528	4.0804728567969	0.0131442339368617	0.989512720661823	NA
ENSRNOG00000003776	0	NA	NA	NA	NA	NA
ENSRNOG00000003787	178.694747153646	0.124264438457324	0.191243713849404	0.649770054952899	0.515840764499984	0.759499041936276
ENSRNOG00000003840	1948.54109713727	-0.0957751073445227	0.131823068807686	-0.726542844213763	0.467506052337481	0.725547787947874
ENSRNOG00000003844	1528.22198741312	0.178754224236333	0.117021160589801	1.52753761230353	0.126627381832662	0.335530422927154
ENSRNOG00000003869	444.800764408883	-0.146462077238441	0.226555300104606	-0.646473850626386	0.51797252668451	0.759499041936276
ENSRNOG00000003887	15.1356605916976	3.01952358520142	1.55989529308663	1.93572196709855	0.0529017625197796	0.179665902146175
ENSRNOG00000003901	1703.90895174854	0.0376507555034345	0.132533974223455	0.284083803598574	0.776346158715621	0.921028851930805
ENSRNOG00000003924	49.4594983395491	0.095348956459587	0.383546667064193	0.24859805767424	0.803671711092513	0.932629218729193
ENSRNOG00000004057	2039.26118389991	-0.429202142051053	0.158349452986692	-2.71047442195536	0.00671870303819482	0.0381213368036706
ENSRNOG00000004090	38.84840124869	-1.29802716130173	0.61534729133009	-2.10942207691532	0.0349081655457588	0.133007754853183
ENSRNOG00000004112	4.36102389307587	0.074527286214075	1.0883602281876	0.0684766718627545	0.945406189635309	0.981002983242742
ENSRNOG00000004130	956.51902485783	-0.240021001905961	0.103807265551795	-2.31217921626307	0.0207678091384803	0.0933843165828494
ENSRNOG00000004140	68.6905794848529	-0.379786758650328	0.312383486601076	-1.2157709192078	0.22407219968229	0.495617323026083
ENSRNOG00000004145	85.8083252416884	0.383501690088779	0.27907702601399	1.37417864725832	0.169386228016453	0.414817332479869
ENSRNOG00000004161	248.258942094384	-0.231311021623916	0.209945282176103	-1.10176813323146	0.270562487637825	0.543206225180557
ENSRNOG00000004168	91.8974230044503	0.612867441305049	0.269997877703238	2.26989725444682	0.023213817746151	0.0985171777519578
ENSRNOG00000004279	91.2298253097239	-0.0810266103490946	0.292292308646118	-0.277210887704864	0.78161817993822	0.924341841493701
ENSRNOG00000004280	2770.9630082759	-0.216864834378982	0.177465200972615	-1.22201329156608	0.221702600665959	0.492462798075023
ENSRNOG00000004281	27.6248740721764	0.0825156174479773	0.654258260079658	0.126120864622987	0.89963625176639	0.96231582668454
ENSRNOG00000004290	1143.44540000532	-0.22926261202982	0.161307045714839	-1.42128083131046	0.155235133857617	0.38907135883312
ENSRNOG00000004327	6200.7787127577	0.568492227278111	0.151159209782091	3.76088382638175	0.000169314056397921	0.00166758372527763
ENSRNOG00000004332	118.884921320218	-0.106418315474764	0.31846233794555	-0.334162953651867	0.738256597420727	0.898298237421024
ENSRNOG00000004426	1220.54724354535	0.0568357489860987	0.11982004580699	0.474342574343961	0.635255636256699	0.850265236220504
ENSRNOG00000004440	56.9434946764493	-1.65430427337707	0.340715787789223	-4.855378977626	1.20156720585966e-06	1.74227244849651e-05
ENSRNOG00000004444	4.89766525126269	-0.351762537699096	1.08669117099075	-0.323700557333497	0.746164748865655	0.901333935206315
ENSRNOG00000004456	14.5344547411381	-0.905069416086088	0.681738292469665	-1.32759069878176	0.184313358923227	0.425714926362498
ENSRNOG00000004473	83.4879383420531	-1.2022342115348	0.296289755453181	-4.057630037515	4.95732157704577e-05	0.000550579119833594
ENSRNOG00000004515	452.363897660948	-0.650816425275335	0.142359485442462	-4.57164075335451	4.83920065484357e-06	6.31515685457086e-05
ENSRNOG00000004555	13.6998451773437	-0.620910771830629	0.716015364918125	-0.867175206361151	0.385846018864036	0.689341151841094
ENSRNOG00000004606	21.6988783364506	-0.347897921502441	0.760716682719566	-0.457329159995157	0.647434473442526	0.85559694971392
ENSRNOG00000004621	4469.24649744328	0.159882829633601	0.104042248124639	1.53671063933632	0.124364184558909	0.331214818059953
ENSRNOG00000004626	0.343225048338818	0.0536346898027527	4.0804728567969	0.0131442339368617	0.989512720661823	NA
ENSRNOG00000004640	142.61733270408	-0.613126974892627	0.227801932583748	-2.69149154240481	0.00711333019240177	0.0399264339831584
ENSRNOG00000004670	167.915399845651	-0.0492889560944108	0.207060258129538	-0.238041604601765	0.811848825671589	0.935589574447662
ENSRNOG00000004672	121.789081001327	-0.384197024585779	0.32976279873889	-1.16507085109376	0.243990314694866	0.51356025915613
ENSRNOG00000004719	2.79950830796357	-0.556179356758264	2.0185716697029	-0.275531141700866	0.782908203733007	0.924341841493701
ENSRNOG00000004778	213.499223768137	-1.81999795229572	0.462849021461481	-3.93216333600304	8.41848322010211e-05	0.000915510050186105
ENSRNOG00000004781	1221.45589395923	-0.915644715792189	0.135379208161019	-6.76355496704582	1.34646255726525e-11	3.69922870996032e-10
ENSRNOG00000004865	1.97313182240444	1.03687878336536	1.71674027128864	0.603981161685598	0.545856166826948	NA
ENSRNOG00000004888	15.3676765040042	0.059481069593139	0.63877047809588	0.093118062955018	0.925809767620716	0.976308482218209
ENSRNOG00000004932	122.82204647434	1.19031898108127	0.237077681870504	5.02079728336236	5.14574436522757e-07	7.67451016756798e-06
ENSRNOG00000004940	162.837150738278	-0.0168680868850036	0.234447912716995	-0.0719481213951573	0.942643193915581	0.981002983242742
ENSRNOG00000004959	793.197215606394	0.243408412565489	0.121995380005337	1.99522647951783	0.0460181842727992	0.165665463382077
ENSRNOG00000004972	12.6701930436641	0.12379973535903	0.832449277095296	0.148717451940147	0.881776589722927	0.94894939585782
ENSRNOG00000004992	2077.63881215446	0.151799676090999	0.103619684861886	1.46496948232695	0.142929244098399	0.362179929220215
ENSRNOG00000004998	11.3243854527032	1.85832148002218	1.07589557342372	1.72723220164259	0.0841259697900073	0.256805591990549
ENSRNOG00000005016	961.377819766465	0.462450612467616	0.135548253397413	3.41170469465041	0.00064558010087685	0.00518450481011871
ENSRNOG00000005043	285.84809761677	-0.0348838405519838	0.205287595271183	-0.169926685077599	0.865067794652271	0.946691765584673
ENSRNOG00000005077	1.96951573590908	0.479059275757679	1.80885349404739	0.264841391154218	0.791131649497017	NA
ENSRNOG00000005094	20.8444009610406	0.921088393411594	0.608167076075778	1.51453182792293	0.12989100769812	0.338540428816456
ENSRNOG00000005105	0	NA	NA	NA	NA	NA
ENSRNOG00000005108	272.449134989639	-0.34218649274282	0.19973694558218	-1.71318576913969	0.0866783688515182	0.261538199656026
ENSRNOG00000005113	0	NA	NA	NA	NA	NA
ENSRNOG00000005122	30.5607405722176	-1.18170519846015	0.507999165033587	-2.32619515896649	0.0200081418139037	0.0922312526485223
ENSRNOG00000005130	2184.12361705936	0.218397270208842	0.136563807220475	1.59923243686559	0.109768965471251	0.308061290193511
ENSRNOG00000005141	242.419997457674	-0.0709477598158308	0.180821530876179	-0.392363450702194	0.69478968744929	0.884585894752511
ENSRNOG00000005147	114.858915361248	-0.977816812006678	0.255260324691996	-3.83066507960663	0.000127797359834772	0.00130804356536766
ENSRNOG00000005180	6.27085957324265	4.19195802106834	2.02898254550301	2.06603946907247	0.0388247529459178	0.145802309624238
ENSRNOG00000005203	186.564155215798	0.154507115442723	0.224431838677767	0.688436704671659	0.491177816441187	0.745333779599709
ENSRNOG00000005214	22.7652885175546	-0.0140119985747991	0.629710800274411	-0.0222514820592136	0.982247350995668	0.993851874723483
ENSRNOG00000005218	835.518326674893	-0.0570905493266777	0.158689660937072	-0.359762249093952	0.719024936341749	0.891539743863017
ENSRNOG00000005248	71.0770589764672	-0.605601671374158	0.450658919328843	-1.34381379220468	0.179008608377211	0.422816712999567
ENSRNOG00000005261	2322.55222912786	-0.270982337707025	0.121398786457199	-2.23216677542789	0.0256039424162436	0.106922063530233
ENSRNOG00000005302	28.3176252835784	-0.232512121288423	0.470549175148943	-0.494129271855224	0.621214886285177	0.842270573093149
ENSRNOG00000005326	310.49201910061	0.529765162981649	0.208242260706637	2.54398488176211	0.0109595827959471	0.0560872766616119
ENSRNOG00000005338	0.180346063181631	1.01540736201638	4.0804728567969	0.248845513167673	0.803480283788506	NA
ENSRNOG00000005346	195.912369254508	0.265664817959502	0.178862431425807	1.48530250786455	0.137463707848775	0.350029539010052
ENSRNOG00000005374	134.512949534623	0.176318385372507	0.277500301502371	0.635380878571769	0.525180035996635	0.761511052195121
ENSRNOG00000005393	60.4443323946186	0.455893690077044	0.333700803308122	1.36617498536884	0.171884046909593	0.415386446698182
ENSRNOG00000005397	1069.30262242692	0.254660378886331	0.110074504620437	2.31352736734505	0.0206936618747686	0.0933843165828494
ENSRNOG00000005411	1116.44507095493	0.0865002621746677	0.112920182087159	0.766030133638124	0.443658372437635	0.716407338997861
ENSRNOG00000005428	982.494711155175	0.0720825886808043	0.0962085674925124	0.749232532605938	0.453717064083351	0.721541771307747
ENSRNOG00000005434	6386.92092332209	0.196521631044728	0.114903665150881	1.71031647064238	0.0872073676783126	0.261622103034938
ENSRNOG00000005464	2436.78851852402	-0.95652359738838	0.150466319340702	-6.35706117873808	2.05650104775365e-10	4.4728897788642e-09
ENSRNOG00000005524	311.6799954356	-0.574717911754047	0.164740998677628	-3.48861495539845	0.000485529997686265	0.00425557071137333
ENSRNOG00000005633	60.5907467004124	0.126486046463139	0.325900458428682	0.388112514701534	0.697932771066245	0.885939648411065
ENSRNOG00000005700	130.973794720168	0.809722005899404	0.505970955538807	1.60033297768472	0.109524734748751	0.308061290193511
ENSRNOG00000005982	330.597200108509	-0.148905914033327	0.168541913825843	-0.883494856876928	0.376968960125711	0.678242933620036
ENSRNOG00000006033	45.7067800963377	-0.118227255481019	0.412948492604379	-0.286300247121341	0.774648168869174	0.921028851930805
ENSRNOG00000006139	356.293057667961	-0.0677531983743162	0.155232590569094	-0.436462460144022	0.662501230168238	0.864564105369551
ENSRNOG00000006185	61.678917473422	-0.0605005159503417	0.3707583956421	-0.16318043410875	0.870376371034795	0.946691765584673
ENSRNOG00000006261	248.328316619167	0.352463736088626	0.178460501171741	1.97502379391748	0.0482654478721299	0.169091032142629
ENSRNOG00000006329	192.952784268829	0.329131447454429	0.242331736216718	1.3581854881776	0.174404834155978	0.418379855010553
ENSRNOG00000006356	2.32556240737744	-0.766142142148183	1.45893143755082	-0.525139237135326	0.599486401479364	NA
ENSRNOG00000006394	182.84795674915	0.512050146753403	0.21504209329147	2.38116239902559	0.0172581017387428	0.0838295648829784
ENSRNOG00000006400	305.044794280379	0.0396756808876481	0.151790622141729	0.261384269514374	0.793796186606296	0.928697451235968
ENSRNOG00000006575	55.7267418983326	-1.15969643299241	0.471981077221753	-2.45708247419323	0.0140070525704096	0.070987198463629
ENSRNOG00000006593	408.633252743526	-0.140945564296887	0.140434393707596	-1.00363992449282	0.315552203404698	0.607816421318274
ENSRNOG00000006740	70.1940112095121	0.20863684977046	0.318528960200427	0.655001195618697	0.512466984271477	0.757812367676234
ENSRNOG00000006845	0	NA	NA	NA	NA	NA
ENSRNOG00000006876	91.7619264645218	-0.496633994609034	0.548871704282565	-0.904827103918917	0.365556990291095	0.666456037618164
ENSRNOG00000007002	4.05006316112786	-1.35871756484972	1.50434806604325	-0.90319361291395	0.366423147119565	0.666456037618164
ENSRNOG00000007025	14.0391691697242	0.660223055480777	0.709234285375564	0.930895571596861	0.351907585469915	0.653721564467245
ENSRNOG00000007033	21.9589032806791	1.5271248046039	0.842328273848248	1.81298058253121	0.0698348162323481	0.22642095697693
ENSRNOG00000007049	3.46596900296363	1.71785410801319	1.50169543770529	1.14394308251892	0.252647242404577	0.519219923366886
ENSRNOG00000007120	1298.06523277681	0.289543386868628	0.0948514521533232	3.05259835559074	0.00226869369441378	0.0151827962626153
ENSRNOG00000007125	825.345941000809	0.370395824276541	0.170169838461749	2.17662441020533	0.0295086023514618	0.116808080425233
ENSRNOG00000007283	1080.90633227112	-0.0684870242582248	0.125255133620488	-0.546780178014375	0.584529762701255	0.809348902201738
ENSRNOG00000007349	201.064586766496	0.146559215104579	0.212137093442485	0.690870289237344	0.489647058735404	0.745333779599709
ENSRNOG00000007564	99.6508736651644	-0.636998083736268	0.312725193645088	-2.03692601901207	0.0416574562842608	0.154035523936853
ENSRNOG00000007849	61.1434637798317	-0.809019708944738	0.332532754186515	-2.43290231942375	0.014978341057471	0.0744637526857129
ENSRNOG00000007864	27.008806905079	-0.288687433301499	0.474081974585255	-0.608939906551084	0.542564271561925	0.773821174194877
ENSRNOG00000007882	15.7293941264069	0.864872296423426	1.1267693421447	0.767568182834317	0.442743771104459	0.716407338997861
ENSRNOG00000007948	822.151414522248	0.00951605626811199	0.123296462374823	0.0771802863182158	0.938480124100496	0.981002983242742
ENSRNOG00000007993	18.3955835058799	-0.233515289384337	0.567394783907943	-0.411556989960317	0.680664161751278	0.881654323657983
ENSRNOG00000008079	3206.13283838058	1.41442832908114	0.103323593068834	13.6893064504527	1.17626616036468e-42	2.04670311903455e-40
ENSRNOG00000008103	16062.9768084919	0.110533587626168	0.123127077992635	0.897719570936137	0.36933507293155	0.669419819688435
ENSRNOG00000008182	49.3572233778895	0.328326327610249	0.563989997015087	0.582149203616932	0.560466185153697	0.785722744402849
ENSRNOG00000008374	419.083449382551	-0.515882285087427	0.152526582580354	-3.38224509039696	0.000718959686056021	0.00551907288413592
ENSRNOG00000008421	149.924523069725	-0.103813184221916	0.386925677786422	-0.268302648756279	0.788466367533221	0.926980729397165
ENSRNOG00000008456	635.299218055317	-0.565626219962558	0.139308082029326	-4.06025416273758	4.90193259697609e-05	0.000550579119833594
ENSRNOG00000008474	234.376787632851	0.306606286084677	0.188142121039173	1.62965254346654	0.103174952598487	0.297405106562469
ENSRNOG00000008716	276.063624771094	0.144600451858504	0.234504663440452	0.616620794388688	0.537484875456695	0.770788749968118
ENSRNOG00000008786	3459.90894730268	0.0809311905823458	0.122956285821993	0.658211087308801	0.510402501366582	0.757812367676234
ENSRNOG00000008898	128.981730170529	0.0368444536266997	0.227339940699512	0.162067666215322	0.871252568160017	0.946691765584673
ENSRNOG00000008917	573.375968599372	-0.316238170055785	0.123689232239627	-2.55671544183512	0.0105665616059111	0.0551574515828558
ENSRNOG00000008947	62.3051056632113	1.72245365926303	0.863242903071197	1.99532907034043	NA	NA
ENSRNOG00000008951	7.11668041159927	-0.712167583991916	0.959765341815376	-0.742022610073485	0.458073636715978	0.722400115908582
ENSRNOG00000009040	39.1526233402661	0.0037756112072055	0.448769968493932	0.00841324391620148	0.993287281763778	0.997857113381702
ENSRNOG00000009154	0	NA	NA	NA	NA	NA
ENSRNOG00000009220	116.574622423118	-0.321824199667638	0.241008785857903	-1.3353214428348	0.181771163492106	0.423591729209283
ENSRNOG00000009240	6.0828299996718	-0.194095380965727	0.92729393659574	-0.209313760508653	0.834203310362707	0.938942275069826
ENSRNOG00000009267	1292.37918123678	2.61784182317051	0.233096259585066	11.2307328647423	2.88079107860858e-29	2.50628823838947e-27
ENSRNOG00000009281	1191.18726202412	1.92843575791495	0.185508045861474	10.3954292061002	2.60113211551637e-25	1.50865662699949e-23
ENSRNOG00000009299	9.41966040531366	0.239886782025646	1.0603322454751	0.226237373284975	0.82101680437101	0.937791623373451
ENSRNOG00000009313	936.078467890497	-0.11789140075329	0.105766877448834	-1.11463440726348	0.265007119653427	0.53698905349324
ENSRNOG00000009437	42.9967761915335	-0.290834133177792	0.36238007491414	-0.802566568392867	0.422225298008495	0.708686834599467
ENSRNOG00000009572	0.333563211476701	1.89014526029786	4.03990071424067	0.467869235903519	0.639878104735059	NA
ENSRNOG00000009639	3624.41952320536	4.18169928570703	0.234471122961978	17.8346025424424	3.80747483776846e-71	1.98750186531514e-68
ENSRNOG00000009642	2384.73324954165	0.488679726539363	0.11060572106209	4.41821383059415	9.9519936503771e-06	0.000123689063940401
ENSRNOG00000009881	712.836143431607	1.86612230991964	0.184871290782244	10.0941703929449	5.86246671823984e-24	3.0602076269212e-22
ENSRNOG00000009935	3345.89170452218	0.348792689164437	0.127057278072279	2.7451610364738	0.00604812112384923	0.034693617875267
ENSRNOG00000010298	1104.59156790058	1.80124879628395	0.166231713634267	10.8357710866588	2.32994139771377e-27	1.73747058515227e-25
ENSRNOG00000010598	39.4979865958048	0.645019776774721	0.560531984370293	1.15072787059483	0.249844206826683	0.515932140395108
ENSRNOG00000010706	189.969081585028	0.669669393032161	0.232867293661517	2.87575546785696	0.00403061832311265	0.0247527384078212
ENSRNOG00000010867	38.3708576869907	0.149222707039078	0.39523902713235	0.377550537257823	0.705764515005203	0.885939648411065
ENSRNOG00000010996	273.241295300217	0.471173179280708	0.15596645038371	3.02099059202491	0.00251949188213324	0.0163675346980435
ENSRNOG00000011073	2320.48161909672	-0.00449554973098886	0.110934185980216	-0.0405244757625084	0.967674994229121	0.993390139949119
ENSRNOG00000011096	11.6336793653287	0.690371125405196	0.719407401209451	0.959638619570163	0.337237125162819	0.635515448862784
ENSRNOG00000011847	158.340403131519	-0.184492727237354	0.233028759408645	-0.791716557670991	0.428525965580141	0.710128742961376
ENSRNOG00000011856	41.7314298614481	-0.697994764852384	0.442991654227249	-1.57563863380216	0.11510910726824	0.314591382167649
ENSRNOG00000011979	116.261237181385	0.0812197745272948	0.230238022732054	0.352764385150304	0.724265085912331	0.893773935806706
ENSRNOG00000012147	289.394522144882	0.0546444385305461	0.191609256912544	0.285186840192629	0.775501001923395	0.921028851930805
ENSRNOG00000012184	1170.40624616487	0.713467677269819	0.118130577397387	6.0396528400072	1.54446157545481e-09	2.9859590458793e-08
ENSRNOG00000012367	319.372067080168	0.00192975544406421	0.215806213053111	0.00894207547022424	0.992865351122837	0.997857113381702
ENSRNOG00000012378	478.465283725796	-0.0311526339807556	0.150853138370239	-0.206509684301679	0.836392800797321	0.938942275069826
ENSRNOG00000012534	99.0470668790992	-0.364767547030147	0.265068907432714	-1.37612347884574	0.168783407663903	0.414817332479869
ENSRNOG00000013039	3587.74453170378	-0.174895004248173	0.107828729569169	-1.62197036862966	0.104809692862428	0.298965353410859
ENSRNOG00000013532	86.8743157350692	-1.40052202359797	0.361407439350998	-3.87518869592992	0.000106542106684207	0.00111229959378312
ENSRNOG00000013647	56.6090210860472	-0.320664402512498	0.3706246076894	-0.865199978251929	0.386929037336093	0.689341151841094
ENSRNOG00000013720	397.321082006169	1.51896083051705	0.849890488147371	1.78724300565847	0.073898221284276	0.235212631160927
ENSRNOG00000013747	26.2209251452759	-0.553486732513133	0.505016164403044	-1.09597825084942	0.2730882924982	0.546176584996399
ENSRNOG00000013805	108.355947351891	0.117914328537744	0.272833373266276	0.432184402978675	0.665607394341783	0.866451520813992
ENSRNOG00000013832	446.794048623236	0.147576596041884	0.160265837018936	0.920823793685032	0.357142430359129	0.65643784735023
ENSRNOG00000013930	464.189732644541	0.341496273392513	0.130815868949856	2.61051106516301	0.00904070471594264	0.0491588318929381
ENSRNOG00000014098	87.1940461005618	-0.569627642428003	0.335627708539389	-1.69720088042478	0.0896586887414188	0.265919520017162
ENSRNOG00000014409	0	NA	NA	NA	NA	NA
ENSRNOG00000014785	455.520370618745	-0.318590261405907	0.145694491261527	-2.18670080555088	0.0287643727744798	0.116374437644142
ENSRNOG00000014874	29.9109368158015	-0.819399320337518	0.541682303160341	-1.51269353928842	0.130357521440819	0.338540428816456
ENSRNOG00000015033	668.476906788177	-0.465085996814369	0.151709823144019	-3.06562875874464	0.00217212829340219	0.0149190916994203
ENSRNOG00000015093	7163.54284263948	0.151715420345196	0.131168075764945	1.15664897468705	0.247415804466507	0.515932140395108
ENSRNOG00000015255	173.967809834381	-0.113220272315032	0.197788140686993	-0.572432057461965	0.567029302911951	0.791415230267482
ENSRNOG00000015474	314.324974679941	-0.345682822913302	0.152719583535676	-2.26351339435488	0.0236040598725849	0.0993654778507204
ENSRNOG00000016427	767.036704575615	-0.0206886529891248	0.123335935174479	-0.167742296353916	0.866786019926212	0.946691765584673
ENSRNOG00000016818	103.865445986276	0.472232050395865	0.427002948729208	1.10592222325692	0.268760184959838	0.541671106366933
ENSRNOG00000017074	809.548065028053	0.0162513969700142	0.135112841311222	0.120280180716356	0.904261203617879	0.96331499650721
ENSRNOG00000017259	44.7954444507418	-0.0441196690373973	0.366202368612649	-0.120478928644137	0.904103770557515	0.96331499650721
ENSRNOG00000017329	203.282964533112	0.304449102231472	0.186856034963572	1.62932442771155	0.103244357587318	0.297405106562469
ENSRNOG00000017548	169.431740460621	-0.470748203759488	0.216313106333669	-2.17623523483291	0.0295376755098291	0.116808080425233
ENSRNOG00000017775	0.15321714829507	1.01540736201638	4.0804728567969	0.248845513167673	0.803480283788506	NA
ENSRNOG00000018144	430.190036234126	-0.0770547960597106	0.167396628262953	-0.460312712742756	0.645291777513048	0.854929715385307
ENSRNOG00000018319	165.132338376568	-0.168678378383974	0.205458025384759	-0.820987051092755	0.411653644019185	0.698226384267036
ENSRNOG00000018412	490.079018347139	-0.687918351787334	0.143032244832169	-4.80953335099034	1.51283054427957e-06	2.13431768679442e-05
ENSRNOG00000018475	460.364266285828	0.0812086003387925	0.158102260158814	0.513646043119296	0.607499482279793	0.827975795692042
ENSRNOG00000018590	470.738902694643	-0.108923488304692	0.1490559485094	-0.73075572893237	0.464928369092583	0.725547787947874
ENSRNOG00000018709	147.441870726055	-0.312049461450538	0.232714458531497	-1.34091136158737	0.179949232949983	0.423123872071582
ENSRNOG00000018859	45.4888579494633	0.0382818912189179	0.47290735848864	0.0809500857446216	0.935481647965558	0.981002983242742
ENSRNOG00000019000	401.008070853745	-0.803340114397184	0.140047511717205	-5.73619698448733	9.68260412646785e-09	1.68477311800541e-07
ENSRNOG00000019325	461.658387686398	0.337590069626972	0.165933647501376	2.03448833139265	0.0419023839061938	0.154035523936853
ENSRNOG00000019361	11.358678661217	1.20341706254691	0.759552649517664	1.58437609731348	0.113108158001665	0.312393960195075
ENSRNOG00000019451	35.8743462841728	-0.236516961488522	0.504588501489377	-0.468732364670226	0.639260950053746	0.853437892399118
ENSRNOG00000019624	1005.21670768719	-0.891425163859528	0.137234314403701	-6.49564336538476	8.26793085892498e-11	1.96175450379947e-09
ENSRNOG00000019645	3893.34230263664	1.46519863357387	0.128286781226095	11.4212752052105	3.27394451600481e-30	3.41799807470903e-28
ENSRNOG00000021347	22.0734884761271	-0.0378086003521177	0.545019819395806	-0.0693710558893643	0.944694267455382	0.981002983242742
ENSRNOG00000021776	405.862571355687	-0.12647079334344	0.151088826790756	-0.837062515010398	0.402557429282781	0.698179960587147
ENSRNOG00000021931	945.845949047302	-0.0116310618374056	0.117123584285517	-0.0993058905117867	0.920895401585979	0.975294958248428
ENSRNOG00000021986	138.832707616119	0.229912110626507	0.277731144558646	0.827822572768603	0.407770989134959	0.698179960587147
ENSRNOG00000022176	100.141796571334	-0.657309417390818	0.28287388791591	-2.32368361121482	0.0201424574749646	0.0922312526485223
ENSRNOG00000022229	186.74231795097	-0.243039733263958	0.191229474918762	-1.27093238825869	0.20375270290279	0.464449392643041
ENSRNOG00000022242	102.665781612102	0.388939884948985	0.522950927704173	0.743740692184034	0.457033366361985	0.722400115908582
ENSRNOG00000022255	1.14182936306646	3.66643709962823	3.24795869828204	1.12884351071568	0.258963854093071	NA
ENSRNOG00000022256	59.1617359135025	-1.54828714936076	1.40804090017669	-1.0996038177346	NA	NA
ENSRNOG00000022298	3.53045036793176	-1.72782465703066	1.54484052785187	-1.11844855561449	0.263375466411193	0.53698905349324
ENSRNOG00000022419	46.0425199727585	0.176390803077435	0.443778836899463	0.397474571590253	0.691017534366304	0.884585894752511
ENSRNOG00000022631	0.166904791710091	-0.908145989626105	4.0804728567969	-0.222559007619275	0.823878743404926	NA
ENSRNOG00000022857	58.4811825309278	-0.31584061725528	0.33128694462274	-0.9533747779133	0.34040021597903	0.6391687508671
ENSRNOG00000022882	9.36739612082965	0.0577854359391094	0.817990406057581	0.0706431707648191	0.943681750917039	0.981002983242742
ENSRNOG00000023026	7.5982007170051	-0.46854806018157	0.848161566097759	-0.552427837938091	0.580655262308554	0.806122465226238
ENSRNOG00000023299	88.215099033858	-1.15780571326157	0.359900254296994	-3.2170183250444	0.001295303251145	0.00926230543969438
ENSRNOG00000023342	0	NA	NA	NA	NA	NA
ENSRNOG00000023372	0	NA	NA	NA	NA	NA
ENSRNOG00000023389	47.3464455497176	3.22813838092903	0.541875850536593	5.95733944912357	2.56377372633435e-09	4.61479270740184e-08
ENSRNOG00000023397	3.62581500857557	0.604284460855161	1.25602349087957	0.48110920316625	0.630438887507211	0.850265236220504
ENSRNOG00000023418	0	NA	NA	NA	NA	NA
ENSRNOG00000023430	0.168658143165405	-0.908145989626105	4.0804728567969	-0.222559007619275	0.823878743404926	NA
ENSRNOG00000023446	99.8470289159287	0.269977979875534	0.279222842287467	0.96689073739026	0.333598657547415	0.633230906326365
ENSRNOG00000023484	176.202794961271	-0.220849652520114	0.185885796242045	-1.18809321091183	0.234796688796862	0.504846193711799
ENSRNOG00000023529	2276.71741788632	-5.00360115734725e-06	0.0982804588515377	-5.09114549913293e-05	0.999959378536112	0.999959378536112
ENSRNOG00000023533	135.345071141036	0.18941973379756	0.306038135002071	0.618941602804757	0.535954830246526	0.770711904652029
ENSRNOG00000023578	0	NA	NA	NA	NA	NA
ENSRNOG00000023650	816.83889121482	-0.221508983201103	0.130307927601504	-1.69988877329476	0.0891518490331616	0.265919520017162
ENSRNOG00000023937	41.8858180854303	-0.181464295591246	0.379235804158527	-0.478499903230105	0.632294443144251	0.850265236220504
ENSRNOG00000024112	207.797763297305	0.383509337611879	0.204607384140805	1.87436704311687	0.0608798527101789	0.203713353299445
ENSRNOG00000024207	35.881968690255	-0.010633064659641	0.412845688026246	-0.0257555424896797	0.979452322027568	0.993851874723483
ENSRNOG00000024390	1.97149523889281	-0.475777956356996	1.77116946552957	-0.268623621633371	0.788219332776942	NA
ENSRNOG00000024454	129.266823496397	-0.0443335542978702	0.217129753765123	-0.2041800054074	0.838212835598734	0.938942275069826
ENSRNOG00000024545	112.629513769559	-0.927669998092915	0.271505476013562	-3.41676349115911	0.000633703066154874	0.00516864063332569
ENSRNOG00000024634	0	NA	NA	NA	NA	NA
ENSRNOG00000024689	227.072397770061	0.0163645563243947	0.211458321507152	0.0773890391626948	0.938314060113836	0.981002983242742
ENSRNOG00000024779	1667.62520251803	0.0445029716531893	0.130134041605302	0.341977941391902	0.732367492767309	0.895372519439713
ENSRNOG00000024829	5.3555533059141	0.207752441910517	1.06787336613044	0.194547826081037	0.845746951221408	0.942891419668391
ENSRNOG00000024899	8.61351180845757	-1.42864243449174	0.898003747020821	-1.59090921305322	0.111630008862958	0.309951407587575
ENSRNOG00000024945	148.117321245333	-0.047043884675613	0.219267570942538	-0.214550124641739	0.830118083052683	0.938942275069826
ENSRNOG00000025121	0.502467726585586	-2.4220235923447	3.99264997038954	-0.606620567870215	0.544102747370055	NA
ENSRNOG00000025494	9.08006510970259	-3.18552923195396	3.78290584721664	-0.842085254196265	0.399740234526035	0.698179960587147
ENSRNOG00000025509	45.7487671505275	-0.160718012126109	0.386696467672689	-0.415617999030044	0.677689553791727	0.879984942983287
ENSRNOG00000025645	0.335153214817946	0.053634689802753	4.0804728567969	0.0131442339368617	0.989512720661823	NA
ENSRNOG00000025670	104.697524394953	-0.317394572395548	0.402159939646379	-0.789224736493232	0.429980666706627	0.710284519053352
ENSRNOG00000025695	1055.31617339357	0.74840798706856	0.133183929126825	5.61935656933417	1.91669921319362e-08	3.12661559152209e-07
ENSRNOG00000025882	4.97604817341005	1.05853871488733	1.08768516298328	0.973203230964363	0.330452305346763	0.629547822594928
ENSRNOG00000025923	20.0756509723155	-0.657929452792695	0.558788600373674	-1.17742103606395	0.239027497707856	0.511362105752053
ENSRNOG00000025925	4.47279974708697	-1.20347849195747	1.11125816614504	-1.08298730989968	0.278814055764867	0.551291428444168
ENSRNOG00000026046	0	NA	NA	NA	NA	NA
ENSRNOG00000026091	1.52562459776338	4.08085197863103	2.38882825387728	1.70830697937679	0.08757939695479	NA
ENSRNOG00000026134	4.94330069647696	-1.97656516632997	1.13038163921324	-1.74858215823965	0.0803632725899365	0.249700168404445
ENSRNOG00000026150	0.15321714829507	1.01540736201638	4.0804728567969	0.248845513167673	0.803480283788506	NA
ENSRNOG00000026504	100.369884032923	-0.138827665676326	0.352059688767116	-0.394329910824182	0.6933374829597	0.884585894752511
ENSRNOG00000026518	2.76370074727024	-0.480354592358454	1.37622589996301	-0.349037605215369	0.727061077898763	0.894396223138755
ENSRNOG00000026585	3.74138556647306	0.875919912565529	1.20804907343581	0.725069810346631	0.468409204096616	0.725547787947874
ENSRNOG00000026716	1735.49108045859	0.0358349359245784	0.12193664802318	0.293881589378825	0.768848386777748	0.918395555830628
ENSRNOG00000026828	140.259598390639	-0.276103635231889	0.225831566892949	-1.22260868589187	0.22147753088392	0.492462798075023
ENSRNOG00000026873	2.58281815730888	1.52100928819523	1.64009136060724	0.92739302500324	0.353722510781184	0.654762945488575
ENSRNOG00000027032	245.271905628036	-0.379981073432671	0.178883464672105	-2.12418221063182	0.0336549101720304	0.130115286051359
ENSRNOG00000027088	1067.7511228735	-0.0432976406234697	0.11228527403851	-0.385603909276832	0.699790037555526	0.885939648411065
ENSRNOG00000027152	470.383020323786	-0.39824989908917	0.182133333601467	-2.18658436220464	0.028772879955315	0.116374437644142
ENSRNOG00000027195	0	NA	NA	NA	NA	NA
ENSRNOG00000027249	161.943583633969	-0.515746452928568	0.236176908166236	-2.18372937868064	0.028982139643177	0.116374437644142
ENSRNOG00000027282	130.579785520568	-0.162474204545495	0.264812668542065	-0.613543926882358	0.539516746943416	0.771582854532776
ENSRNOG00000027326	578.745631427846	0.0521954194061433	0.127774422756721	0.408496616772214	0.682909113882124	0.882372666946705
ENSRNOG00000027463	147.59790423519	-0.619974222577082	0.269442576503552	-2.30095121054081	0.021394389004515	0.0938476559693852
ENSRNOG00000027623	2252.46236733038	0.21686950520358	0.130740672342952	1.65877612006384	0.097160914024111	0.28493256809318
ENSRNOG00000027791	14.3932975505948	-0.238737870562319	0.75198790783304	-0.317475677568109	0.750882692130174	0.903135403898505
ENSRNOG00000027801	48.8937311672655	-1.26019901739219	0.623124840990196	-2.02238610065623	0.0431364798572	0.15636973948235
ENSRNOG00000027864	2069.72673772044	0.187274743006598	0.12415727416364	1.50836706321186	0.131460607900394	0.339715036257455
ENSRNOG00000027929	19.6347239623375	0.441169950679394	0.574239778856636	0.768267833269587	0.442328080835338	0.716407338997861
ENSRNOG00000028015	22.5827369310275	0.590537294290614	0.544609803691282	1.08433100228465	0.278218064094046	0.551291428444168
ENSRNOG00000028043	0	NA	NA	NA	NA	NA
ENSRNOG00000028108	14.6659291655252	2.59668132895116	1.0960443258968	2.36913897330432	0.0178295525340693	0.0838470848899474
ENSRNOG00000028222	0	NA	NA	NA	NA	NA
ENSRNOG00000028423	0.666280623082988	0.176595281971686	3.3594627842941	0.052566524266109	0.958077289842784	NA
ENSRNOG00000028498	2200.13973529145	-0.188208009189887	0.0962042967128115	-1.95633683339243	0.0504254878956829	0.175480697876976
ENSRNOG00000028534	284.060572021286	0.274790014518563	0.15548769643114	1.7672781887296	0.0771816507764289	0.244174677001793
ENSRNOG00000028963	0.32346529480172	-1.79147180748065	4.0389461479593	-0.443549317533189	0.657368455594795	NA
ENSRNOG00000029004	4.33550625364548	0.0415922672434424	1.11618255346391	0.037262961255188	0.970275337606224	0.993390139949119
ENSRNOG00000029052	0.816564136639048	0.549271204668092	3.1336775265742	0.175280066315109	0.860859574067257	NA
ENSRNOG00000029064	119.361007221404	-1.14051226073311	0.267597966012771	-4.26203635897099	2.02572473597191e-05	0.000234984069372742
ENSRNOG00000029107	1.17816381458721	-0.29918651895247	2.11744783407296	-0.141295815716498	0.887636255028366	NA
ENSRNOG00000029397	0	NA	NA	NA	NA	NA
ENSRNOG00000029461	3.98650204729844	0.0377166177620034	1.17485519262345	0.0321032055684942	0.974389747055414	0.99342079680259
ENSRNOG00000029628	0.858887674452465	1.97028136634716	2.62999588856528	0.749157584205195	0.453762230865847	NA
ENSRNOG00000029734	0	NA	NA	NA	NA	NA
ENSRNOG00000029964	0	NA	NA	NA	NA	NA
ENSRNOG00000030149	285.6121525292	0.465170129104799	0.311974946087076	1.49104963375798	0.135948464283244	0.347868129195358
ENSRNOG00000030162	0.849308861419758	-0.456159658823478	3.11042591682529	-0.146655046936165	0.883404302197553	NA
ENSRNOG00000030216	54.5893358414274	0.139450660499692	0.42066762525953	0.331498437545933	0.740268020991827	0.898650946413335
ENSRNOG00000030258	0	NA	NA	NA	NA	NA
ENSRNOG00000030568	69.3320844636496	-0.13833327307596	0.429968693535578	-0.321728709917142	0.747658225947	0.901333935206315
ENSRNOG00000030614	18.2303006718216	0.552481054948785	0.644566157859265	0.857136305113639	0.391369558905975	0.692525117792946
ENSRNOG00000030665	0	NA	NA	NA	NA	NA
ENSRNOG00000030988	0.810245654573491	0.598041203282125	2.69545352279108	0.221870345092379	0.824414816378797	NA
ENSRNOG00000031052	1.21134461918079	1.52235545660583	3.41147143617009	0.446245992408164	0.655419563744975	NA
ENSRNOG00000031296	0.15321714829507	1.01540736201638	4.0804728567969	0.248845513167673	0.803480283788506	NA
ENSRNOG00000031397	0.335153214817946	0.053634689802753	4.0804728567969	0.0131442339368617	0.989512720661823	NA
ENSRNOG00000031710	0	NA	NA	NA	NA	NA
ENSRNOG00000031928	0	NA	NA	NA	NA	NA
ENSRNOG00000032160	8.20957126729141	0.701691555493755	0.879960133800496	0.797412892403648	0.425211274149883	0.709186439651784
ENSRNOG00000032350	92.3538762280259	0.394782300851344	0.312128445326524	1.26480718679246	0.205940454495169	0.467395292375993
ENSRNOG00000032471	225.289790279729	-0.293929765186944	0.190081347800309	-1.54633670577574	0.122023271574762	0.330031853689253
ENSRNOG00000032647	0	NA	NA	NA	NA	NA
ENSRNOG00000032657	0	NA	NA	NA	NA	NA
ENSRNOG00000033073	0	NA	NA	NA	NA	NA
ENSRNOG00000033207	2.35714706928952	-1.23979985167879	1.92721725348634	-0.643310892654155	0.520022389712479	NA
ENSRNOG00000033214	0	NA	NA	NA	NA	NA
ENSRNOG00000033251	2.47987172748641	-0.56213695119408	1.41934891338933	-0.396052687180157	0.692066160568674	0.884585894752511
ENSRNOG00000033346	19.8780816400105	-0.115381758405085	0.560890776602075	-0.205711634454177	0.837016169948323	0.938942275069826
ENSRNOG00000033575	118.892467438809	-0.714901785085325	0.24231339087188	-2.95031893414145	0.00317446050992372	0.0199646793515685
ENSRNOG00000033640	0	NA	NA	NA	NA	NA
ENSRNOG00000033686	2.17160105561154	0.251182188373969	1.52509839327658	0.164699005310942	0.869180899936482	NA
ENSRNOG00000033910	0	NA	NA	NA	NA	NA
ENSRNOG00000034011	0	NA	NA	NA	NA	NA
ENSRNOG00000034016	0.812408726086355	-0.697463426657174	3.80854120250504	-0.183131385370971	0.854694930215525	NA
ENSRNOG00000034200	137.46501627869	1.04337017252854	0.409382808460067	2.54864188472711	0.0108143286324707	0.0558918766945515
ENSRNOG00000034237	0	NA	NA	NA	NA	NA
ENSRNOG00000034289	0.168658143165405	-0.908145989626105	4.0804728567969	-0.222559007619275	0.823878743404926	NA
ENSRNOG00000034366	0.709306833067813	2.97176403509944	3.88133086296605	0.765655941227455	0.443881049149742	NA
ENSRNOG00000034513	0	NA	NA	NA	NA	NA
ENSRNOG00000035312	0	NA	NA	NA	NA	NA
ENSRNOG00000035486	0	NA	NA	NA	NA	NA
ENSRNOG00000035514	0	NA	NA	NA	NA	NA
ENSRNOG00000035518	0	NA	NA	NA	NA	NA
ENSRNOG00000036145	0	NA	NA	NA	NA	NA
ENSRNOG00000036370	0	NA	NA	NA	NA	NA
ENSRNOG00000036371	0.168658143165405	-0.908145989626105	4.0804728567969	-0.222559007619275	0.823878743404926	NA
ENSRNOG00000036373	0	NA	NA	NA	NA	NA
ENSRNOG00000036375	1.03748038617878	2.3037482786897	2.51139155577269	0.917319433281639	0.35897527695501	NA
ENSRNOG00000036377	0	NA	NA	NA	NA	NA
ENSRNOG00000037162	476.37844808137	0.760705068228475	0.178095914132725	4.27132240474402	1.94317241620488e-05	0.000232819946025798
ENSRNOG00000037421	0.154807151636315	-0.908145989626105	4.0804728567969	-0.222559007619275	0.823878743404926	NA
ENSRNOG00000037462	313.830408180067	-0.534541797821831	0.173702680660333	-3.0773376426303	0.00208858579726449	0.0147329971104333
ENSRNOG00000037522	0.180346063181631	1.01540736201638	4.0804728567969	0.248845513167673	0.803480283788506	NA
ENSRNOG00000037621	1.4556692646651	-2.83808073736281	2.1897565064011	-1.29607138011305	0.194950894058529	NA
ENSRNOG00000037632	8.18037229089224	-3.09576581363446	1.11125133506503	-2.78583765521713	0.00533896032554873	0.0309659698881827
ENSRNOG00000037865	97.9203956412419	-0.360491895186627	0.312928400647276	-1.15199481555834	0.24932320375425	0.515932140395108
ENSRNOG00000038140	850.35838337205	0.0627313205967375	0.125250228232353	0.500847954387468	0.616478133400782	0.838024962591687
ENSRNOG00000038150	1.95826778345263	3.35643650169331	3.0489338779895	1.10085578632049	0.270959427560495	NA
ENSRNOG00000038427	2.06779649042159	1.16074529040943	2.10493747780207	0.551439319528605	0.581332552989817	NA
ENSRNOG00000038572	58.2133223809931	-0.672098958161794	0.345152924116413	-1.94724978756115	0.051504795377088	0.176878310439736
ENSRNOG00000038678	0	NA	NA	NA	NA	NA
ENSRNOG00000038722	11.3170123175653	-0.16594328147559	0.714374074238701	-0.232291858649032	0.816311335376713	0.936515422124493
ENSRNOG00000038891	1.01813035269923	0.0320681973410278	2.51765434386929	0.0127373312460929	0.989837354850913	NA
ENSRNOG00000039326	0	NA	NA	NA	NA	NA
ENSRNOG00000039331	0	NA	NA	NA	NA	NA
ENSRNOG00000039504	3.31674741371925	-0.277006523928982	1.48947289995789	-0.185976209393815	0.852463417997455	0.942891419668391
ENSRNOG00000039548	0	NA	NA	NA	NA	NA
ENSRNOG00000039890	189.562872543392	0.217409145204719	0.222638226446126	0.976513102332528	0.328810258190847	0.628714120057223
ENSRNOG00000039989	0.166904791710091	-0.908145989626105	4.0804728567969	-0.222559007619275	0.823878743404926	NA
ENSRNOG00000040210	0	NA	NA	NA	NA	NA
ENSRNOG00000040213	25.3120417946064	0.353460910072672	0.472860581401025	0.747494978383297	0.45476483287404	0.721541771307747
ENSRNOG00000040438	0	NA	NA	NA	NA	NA
ENSRNOG00000040878	0	NA	NA	NA	NA	NA
ENSRNOG00000041525	0	NA	NA	NA	NA	NA
ENSRNOG00000041575	0	NA	NA	NA	NA	NA
ENSRNOG00000041606	0.15321714829507	1.01540736201638	4.0804728567969	0.248845513167673	0.803480283788506	NA
ENSRNOG00000041613	0.321875291460475	0.0536346898027527	4.0804728567969	0.0131442339368617	0.989512720661823	NA
ENSRNOG00000041913	0	NA	NA	NA	NA	NA
ENSRNOG00000042041	2.44529451516788	1.9944882675167	2.14735379655659	0.928812136460687	0.352986453711473	NA
ENSRNOG00000042166	6.45624949835455	-1.1398718670673	0.976837452328716	-1.16690024972929	0.243250655063355	0.51356025915613
ENSRNOG00000042277	39.2725076563943	-1.73437953052055	0.500543474637926	-3.46499278963758	0.000530245695562561	0.00446432666263963
ENSRNOG00000042340	560.464974024038	-0.104621811762351	0.128448913339462	-0.814501337865421	0.415357806105767	0.701672410314597
ENSRNOG00000042380	5.90343403230492	-0.324978564508329	1.23084052467471	-0.264029789394704	0.791756964362113	0.928697451235968
ENSRNOG00000042419	297.595377805722	0.418851191173742	0.222050944502652	1.8862842133452	0.0592566654611607	0.19956115723049
ENSRNOG00000042588	0	NA	NA	NA	NA	NA
ENSRNOG00000042714	0	NA	NA	NA	NA	NA
ENSRNOG00000043048	0.166904791710091	-0.908145989626105	4.0804728567969	-0.222559007619275	0.823878743404926	NA
ENSRNOG00000043124	0	NA	NA	NA	NA	NA
ENSRNOG00000043130	0	NA	NA	NA	NA	NA
ENSRNOG00000043210	720.134207251775	0.646378547151672	0.121806631499656	5.30659570167573	1.11691532008043e-07	1.72201908525464e-06
ENSRNOG00000043451	33.3060644521233	-0.345435193263839	0.453972438999595	-0.760916662749536	0.446706845366709	0.716407338997861
ENSRNOG00000043813	0	NA	NA	NA	NA	NA
ENSRNOG00000043857	0	NA	NA	NA	NA	NA
ENSRNOG00000043926	0.168658143165405	-0.908145989626105	4.0804728567969	-0.222559007619275	0.823878743404926	NA
ENSRNOG00000044095	0	NA	NA	NA	NA	NA
ENSRNOG00000044170	0	NA	NA	NA	NA	NA
ENSRNOG00000044193	0	NA	NA	NA	NA	NA
ENSRNOG00000044505	0	NA	NA	NA	NA	NA
ENSRNOG00000045148	0.168658143165405	-0.908145989626105	4.0804728567969	-0.222559007619275	0.823878743404926	NA
ENSRNOG00000045591	0	NA	NA	NA	NA	NA
ENSRNOG00000045749	0.988838366299808	1.04904314147435	2.52833386530952	0.414914800560141	0.678204274638893	NA
ENSRNOG00000045758	0	NA	NA	NA	NA	NA
ENSRNOG00000045800	0	NA	NA	NA	NA	NA
ENSRNOG00000045826	0	NA	NA	NA	NA	NA
ENSRNOG00000046081	0	NA	NA	NA	NA	NA
ENSRNOG00000046246	0	NA	NA	NA	NA	NA
ENSRNOG00000046308	0	NA	NA	NA	NA	NA
ENSRNOG00000046327	831.333683321965	0.0575825972060977	0.123845204514544	0.464956212328232	0.641962814256239	0.854858645514686
ENSRNOG00000046536	2.9394176765338	0.293433551880422	1.94770130216084	0.150656341172477	0.880246814733014	0.94894939585782
ENSRNOG00000046540	0.154807151636315	-0.908145989626105	4.0804728567969	-0.222559007619275	0.823878743404926	NA
ENSRNOG00000046587	0	NA	NA	NA	NA	NA
ENSRNOG00000046600	0	NA	NA	NA	NA	NA
ENSRNOG00000046611	0	NA	NA	NA	NA	NA
ENSRNOG00000046764	0.15321714829507	1.01540736201638	4.0804728567969	0.248845513167673	0.803480283788506	NA
ENSRNOG00000046829	305.508904184582	-0.348949666793717	0.214446896852783	-1.62720781654989	0.103692968188447	0.297405106562469
ENSRNOG00000046835	0	NA	NA	NA	NA	NA
ENSRNOG00000046925	0	NA	NA	NA	NA	NA
ENSRNOG00000046931	0	NA	NA	NA	NA	NA
ENSRNOG00000046938	0	NA	NA	NA	NA	NA
ENSRNOG00000047065	0	NA	NA	NA	NA	NA
ENSRNOG00000047135	0	NA	NA	NA	NA	NA
ENSRNOG00000047177	0	NA	NA	NA	NA	NA
ENSRNOG00000047293	0	NA	NA	NA	NA	NA
ENSRNOG00000047302	29.5692694220488	0.0093137444554734	0.468569241397584	0.0198769864357585	0.984141503682179	0.993851874723483
ENSRNOG00000047320	0	NA	NA	NA	NA	NA
ENSRNOG00000047351	0	NA	NA	NA	NA	NA
ENSRNOG00000047358	0	NA	NA	NA	NA	NA
ENSRNOG00000047391	0	NA	NA	NA	NA	NA
ENSRNOG00000047403	0	NA	NA	NA	NA	NA
ENSRNOG00000047460	0	NA	NA	NA	NA	NA
ENSRNOG00000047582	0	NA	NA	NA	NA	NA
ENSRNOG00000047758	0	NA	NA	NA	NA	NA
ENSRNOG00000047761	238.318155050958	-0.19037255738879	0.194371846682242	-0.979424544440375	0.327370254537916	0.628262032605853
ENSRNOG00000047789	0	NA	NA	NA	NA	NA
ENSRNOG00000047839	0	NA	NA	NA	NA	NA
ENSRNOG00000047859	0	NA	NA	NA	NA	NA
ENSRNOG00000047876	2.61962633219501	-1.09096487196148	1.63417269469709	-0.667594603374342	0.504392403457368	0.754709933738412
ENSRNOG00000048117	0	NA	NA	NA	NA	NA
ENSRNOG00000048183	0.333809583420181	-1.83128371835181	4.0354062710164	-0.453804052272181	0.649969866725548	NA
ENSRNOG00000048268	0	NA	NA	NA	NA	NA
ENSRNOG00000048294	0	NA	NA	NA	NA	NA
ENSRNOG00000048308	0	NA	NA	NA	NA	NA
ENSRNOG00000048600	0	NA	NA	NA	NA	NA
ENSRNOG00000048778	0	NA	NA	NA	NA	NA
ENSRNOG00000048835	0	NA	NA	NA	NA	NA
ENSRNOG00000048860	0	NA	NA	NA	NA	NA
ENSRNOG00000048867	0	NA	NA	NA	NA	NA
ENSRNOG00000048891	871.871017811306	0.205192958233304	0.12124469664863	1.69238708087957	0.0905721939834632	0.26711121615462
ENSRNOG00000048944	0	NA	NA	NA	NA	NA
ENSRNOG00000049076	2.65493256474893	1.56420916072427	2.41232552397995	0.64842374927227	0.516710913791961	0.759499041936276
ENSRNOG00000049119	0	NA	NA	NA	NA	NA
ENSRNOG00000049244	554.998722810105	-0.172573234202917	0.15411932588173	-1.1197377954751	0.262825513881204	0.53698905349324
ENSRNOG00000049270	25.2586432745647	-0.592264661762933	0.504892925059386	-1.1730500317335	0.240775742794811	0.512999745873026
ENSRNOG00000049351	40.8349515810182	1.34239918640621	0.831060058009868	1.61528540984251	0.106248901762105	0.301423514781625
ENSRNOG00000049387	0	NA	NA	NA	NA	NA
ENSRNOG00000049420	0.977150446283581	0.00632442392482499	2.24297391131255	0.00281966004728252	0.997750239762674	NA
ENSRNOG00000049446	0	NA	NA	NA	NA	NA
ENSRNOG00000049481	3.53183054072142	0.224546312323763	1.28229040192134	0.175113462587968	0.860990480104695	0.946691765584673
ENSRNOG00000049782	27.414823647098	0.121708067204242	0.57080662949463	0.213221187203094	0.831154443229924	0.938942275069826
ENSRNOG00000049828	50.2752927349606	-0.500393694669426	0.350536231591997	-1.42750919754239	0.153433175971637	0.386918443754564
ENSRNOG00000049895	0	NA	NA	NA	NA	NA
ENSRNOG00000049955	0.335153214817946	0.053634689802753	4.0804728567969	0.0131442339368617	0.989512720661823	NA
ENSRNOG00000049984	0.168658143165405	-0.908145989626105	4.0804728567969	-0.222559007619275	0.823878743404926	NA
ENSRNOG00000049999	0	NA	NA	NA	NA	NA
ENSRNOG00000050047	0.513909274658332	2.50956322519315	3.99394764977762	0.628341542066251	0.529780223350643	NA
ENSRNOG00000050100	0	NA	NA	NA	NA	NA
ENSRNOG00000050374	0	NA	NA	NA	NA	NA
ENSRNOG00000050406	0	NA	NA	NA	NA	NA
ENSRNOG00000050437	1544.82855501409	-0.158141883891368	0.111413302152609	-1.41941654035847	0.155777613019391	0.38907135883312
ENSRNOG00000050545	0	NA	NA	NA	NA	NA
ENSRNOG00000050580	0	NA	NA	NA	NA	NA
ENSRNOG00000050592	0	NA	NA	NA	NA	NA
ENSRNOG00000050726	0	NA	NA	NA	NA	NA
ENSRNOG00000050800	38.3219894587667	0.606422018724654	0.394179304271585	1.53844205454997	0.1239405663063	0.331214818059953
ENSRNOG00000050890	0	NA	NA	NA	NA	NA
ENSRNOG00000050954	0	NA	NA	NA	NA	NA
ENSRNOG00000050982	0.527596918073353	1.02774639312028	4.03117917132958	0.254949321139031	0.798762241835179	NA
ENSRNOG00000051014	0	NA	NA	NA	NA	NA
ENSRNOG00000051043	0.487026731715251	-0.869502708763028	4.03540559749565	-0.215468479625106	0.829402084516993	NA
ENSRNOG00000051064	0	NA	NA	NA	NA	NA
ENSRNOG00000051132	0	NA	NA	NA	NA	NA
ENSRNOG00000051135	472.471107617559	-0.199102674750259	0.149543936212432	-1.33139918470133	0.183057697549374	0.424693858314547
ENSRNOG00000051169	1.4770993458281	0.3202785833965	1.99149940516132	0.160822836585561	0.872232938360415	NA
ENSRNOG00000051190	166.652858760732	-0.167723752081333	0.239257725965713	-0.701017078568106	0.483292357042576	0.744184691375294
ENSRNOG00000051263	0	NA	NA	NA	NA	NA
ENSRNOG00000051316	0	NA	NA	NA	NA	NA
ENSRNOG00000051349	0	NA	NA	NA	NA	NA
ENSRNOG00000051389	0.154807151636315	-0.908145989626105	4.0804728567969	-0.222559007619275	0.823878743404926	NA
ENSRNOG00000051404	0.308024299931385	0.0536346898027529	4.0804728567969	0.0131442339368617	0.989512720661823	NA
ENSRNOG00000051435	0.166904791710091	-0.908145989626105	4.0804728567969	-0.222559007619275	0.823878743404926	NA
ENSRNOG00000051460	2.46765731946894	0.636479367651674	1.58027994855487	0.402763680089543	0.687122082373576	0.884585894752511
ENSRNOG00000051487	361.451740537313	-0.619269092720326	0.182061625407758	-3.40142570590242	0.000670353470339274	0.00530188653813789
ENSRNOG00000051501	0	NA	NA	NA	NA	NA
ENSRNOG00000051515	0	NA	NA	NA	NA	NA
ENSRNOG00000051567	0	NA	NA	NA	NA	NA
ENSRNOG00000051571	0.674632572661619	-2.84714891457322	3.97090817971401	-0.717001951623641	0.473372892447789	NA
ENSRNOG00000051590	1.8119258644179	-0.716688380346913	1.66194886336128	-0.431233713712116	0.666298442508014	NA
ENSRNOG00000051604	0.517662349512441	-0.88264540510923	4.03425763130276	-0.218787565340541	0.826815533643835	NA
ENSRNOG00000051616	0.168658143165405	-0.908145989626105	4.0804728567969	-0.222559007619275	0.823878743404926	NA
ENSRNOG00000051641	0	NA	NA	NA	NA	NA
ENSRNOG00000051642	0	NA	NA	NA	NA	NA
ENSRNOG00000051648	0	NA	NA	NA	NA	NA
ENSRNOG00000051674	0	NA	NA	NA	NA	NA
ENSRNOG00000051676	0	NA	NA	NA	NA	NA
ENSRNOG00000051736	0	NA	NA	NA	NA	NA
ENSRNOG00000051753	0.352640513257454	1.96106553381133	4.03361776917057	0.486180309101173	0.626839331061461	NA
ENSRNOG00000051775	0	NA	NA	NA	NA	NA
ENSRNOG00000051837	9.10190752689815	1.99485647202916	1.00696289668743	1.98106253824404	0.0475842607350641	0.168972680977575
ENSRNOG00000051889	4057.26772766364	0.0418170209275613	0.116241127085306	0.359743766910253	0.71903875893933	0.891539743863017
ENSRNOG00000051926	4.35956349373442	0.515098066028421	1.11502675300685	0.461960275517493	0.644109807894896	0.854929715385307
ENSRNOG00000051929	0	NA	NA	NA	NA	NA
ENSRNOG00000051932	0	NA	NA	NA	NA	NA
ENSRNOG00000051972	0	NA	NA	NA	NA	NA
ENSRNOG00000051998	0	NA	NA	NA	NA	NA
ENSRNOG00000052037	1.89070567056672	0.322992372304108	1.86083341998316	0.173574038834186	0.862200236291083	NA
ENSRNOG00000052046	1.92030064785849	0.0236934494262237	1.82968366767478	0.0129494785600475	0.989668099744959	NA
ENSRNOG00000052053	0	NA	NA	NA	NA	NA
ENSRNOG00000052061	4548.45424928443	-0.284585068236409	0.16263633843172	-1.74982461472402	0.0801485819150079	0.249700168404445
ENSRNOG00000052080	3912.77359086219	-0.405973881822939	0.170917366482858	-2.37526408332331	0.017536398603054	0.0838295648829784
ENSRNOG00000052136	0	NA	NA	NA	NA	NA
ENSRNOG00000052142	301.570490540577	1.59086345169269	0.231823435421995	6.86239270329504	6.77165985483934e-12	1.96378135790341e-10
ENSRNOG00000052143	0	NA	NA	NA	NA	NA
ENSRNOG00000052148	23.0751477695317	-1.91222769834064	0.5544057684045	-3.44914827247155	0.000562357820065176	0.00465953622339717
ENSRNOG00000052275	226.11587274742	0.18505162121509	0.24431063260801	0.757443993491681	0.448783907763028	0.716407338997861
ENSRNOG00000052288	0	NA	NA	NA	NA	NA
ENSRNOG00000052298	12.5131207708284	0.796779414869094	0.869345166243988	0.916528262659566	0.359389890811374	0.658250957907148
ENSRNOG00000052311	0	NA	NA	NA	NA	NA
ENSRNOG00000052324	0	NA	NA	NA	NA	NA
ENSRNOG00000052335	1.69407281264434	-0.480066857762753	1.81485140948133	-0.264521301994609	0.7913782525859	NA
ENSRNOG00000052342	0.15321714829507	1.01540736201638	4.0804728567969	0.248845513167673	0.803480283788506	NA
ENSRNOG00000052352	2.65693618758596	-1.48141710241001	1.59016242723125	-0.931613699984984	0.351536200413322	0.653721564467245
ENSRNOG00000052390	0	NA	NA	NA	NA	NA
ENSRNOG00000052427	0	NA	NA	NA	NA	NA
ENSRNOG00000052432	0	NA	NA	NA	NA	NA
ENSRNOG00000052470	0	NA	NA	NA	NA	NA
ENSRNOG00000052477	194.678500623259	-0.18171074905907	0.219858066570832	-0.826491162654376	0.408525529124325	0.698179960587147
ENSRNOG00000052531	1.04123346103289	0.0832087908504406	2.50972530235467	0.0331545411652712	0.973551349069354	NA
ENSRNOG00000052544	0.166904791710091	-0.908145989626105	4.0804728567969	-0.222559007619275	0.823878743404926	NA
ENSRNOG00000052548	0.948431528055776	0.89526651145531	3.05386486979396	0.293158521947211	0.769400986605137	NA
ENSRNOG00000052624	3.33120562036041	-0.211826705311529	1.27173841100918	-0.166564683017976	0.867712584295639	0.946691765584673
ENSRNOG00000052631	0	NA	NA	NA	NA	NA
ENSRNOG00000052658	0	NA	NA	NA	NA	NA
ENSRNOG00000052680	0	NA	NA	NA	NA	NA
ENSRNOG00000052764	4.67429577537384	0.261546416818502	1.08442531199065	0.241184352602753	0.809412237802189	0.935589574447662
ENSRNOG00000052776	0	NA	NA	NA	NA	NA
ENSRNOG00000052820	0	NA	NA	NA	NA	NA
ENSRNOG00000052854	0.176320256628727	1.01540736201638	4.0804728567969	0.248845513167673	0.803480283788506	NA
ENSRNOG00000052870	5.94513417053173	0.193598993614658	0.978848292816955	0.197782429652621	0.843215293721901	0.942523304759812
ENSRNOG00000052876	0	NA	NA	NA	NA	NA
ENSRNOG00000052897	0	NA	NA	NA	NA	NA
ENSRNOG00000052898	0	NA	NA	NA	NA	NA
ENSRNOG00000052949	0	NA	NA	NA	NA	NA
ENSRNOG00000052980	0.329537404923797	1.87522680233485	4.04126081576595	0.464020237203977	0.642633246646433	NA
ENSRNOG00000053017	1.83193198989848	-1.30428176035622	2.13433962701837	-0.611093822110346	0.541137469506998	NA
ENSRNOG00000053031	0	NA	NA	NA	NA	NA
ENSRNOG00000053058	0	NA	NA	NA	NA	NA
ENSRNOG00000053119	0	NA	NA	NA	NA	NA
ENSRNOG00000053173	0	NA	NA	NA	NA	NA
ENSRNOG00000053274	0	NA	NA	NA	NA	NA
ENSRNOG00000053286	0	NA	NA	NA	NA	NA
ENSRNOG00000053299	0	NA	NA	NA	NA	NA
ENSRNOG00000053303	4.87555656732082	-0.03692885731368	1.46403082799028	-0.0252240981594447	0.979876215517874	0.993851874723483
ENSRNOG00000053383	0.864913204404163	-0.495138094154324	3.0981303547031	-0.159818354125314	0.873024165421788	NA
ENSRNOG00000053415	0	NA	NA	NA	NA	NA
ENSRNOG00000053463	0	NA	NA	NA	NA	NA
ENSRNOG00000053517	16.4095171392329	-1.86606537171202	0.722171228887238	-2.58396526622552	0.00976716300962868	0.0520250927655732
ENSRNOG00000053636	30.0765230316836	0.334343955130319	0.484695012922942	0.68980275475513	0.490318236087462	0.745333779599709
ENSRNOG00000053644	0	NA	NA	NA	NA	NA
ENSRNOG00000053682	0	NA	NA	NA	NA	NA
ENSRNOG00000053683	0	NA	NA	NA	NA	NA
ENSRNOG00000053693	0	NA	NA	NA	NA	NA
ENSRNOG00000053716	0	NA	NA	NA	NA	NA
ENSRNOG00000053766	26.8838130382612	0.379141101508806	0.550098763015935	0.689223693996604	0.490682508438793	0.745333779599709
ENSRNOG00000053821	0	NA	NA	NA	NA	NA
ENSRNOG00000053826	0.49037008651181	-2.38982388845038	3.58460798159011	-0.666690444456989	0.504969883678866	NA
ENSRNOG00000053840	5.85948679216121	-2.25200368463353	1.6444401514781	-1.36946527522411	0.17085388215167	0.414817332479869
ENSRNOG00000053875	2600.18237822407	1.47146659091962	0.154968764718841	9.49524630714649	2.19691390225611e-21	9.55657547481409e-20
ENSRNOG00000053882	0	NA	NA	NA	NA	NA
ENSRNOG00000053903	0	NA	NA	NA	NA	NA
ENSRNOG00000053953	0.168658143165405	-0.908145989626105	4.0804728567969	-0.222559007619275	0.823878743404926	NA
ENSRNOG00000053977	0	NA	NA	NA	NA	NA
ENSRNOG00000054053	0	NA	NA	NA	NA	NA
ENSRNOG00000054144	0	NA	NA	NA	NA	NA
ENSRNOG00000054151	359.06072944388	0.0534441683420576	0.143394641993552	0.37270687104516	0.709366622001383	0.885939648411065
ENSRNOG00000054177	0	NA	NA	NA	NA	NA
ENSRNOG00000054197	0	NA	NA	NA	NA	NA
ENSRNOG00000054201	0	NA	NA	NA	NA	NA
ENSRNOG00000054224	102.825129513619	0.0272219558125293	0.274877052630224	0.099033206126338	0.921111905012404	0.975294958248428
ENSRNOG00000054226	0	NA	NA	NA	NA	NA
ENSRNOG00000054232	0.15321714829507	1.01540736201638	4.0804728567969	0.248845513167673	0.803480283788506	NA
ENSRNOG00000054236	0.168658143165405	-0.908145989626105	4.0804728567969	-0.222559007619275	0.823878743404926	NA
ENSRNOG00000054242	0.180346063181631	1.01540736201638	4.0804728567969	0.248845513167673	0.803480283788506	NA
ENSRNOG00000054254	0	NA	NA	NA	NA	NA
ENSRNOG00000054255	0	NA	NA	NA	NA	NA
ENSRNOG00000054319	0.349004206347036	0.0536346898027528	4.0804728567969	0.0131442339368617	0.989512720661823	NA
ENSRNOG00000054331	643.53157736483	1.12456545852493	0.119469297821604	9.41300801988617	4.82137410710174e-21	1.93596714146701e-19
ENSRNOG00000054372	0	NA	NA	NA	NA	NA
ENSRNOG00000054395	0	NA	NA	NA	NA	NA
ENSRNOG00000054437	46.1651870213194	1.19802097006034	0.393989961864416	3.04073983101278	0.00235997656511174	0.0155937692023839
ENSRNOG00000054484	0.335153214817946	0.053634689802753	4.0804728567969	0.0131442339368617	0.989512720661823	NA
ENSRNOG00000054503	0.176320256628727	1.01540736201638	4.0804728567969	0.248845513167673	0.803480283788506	NA
ENSRNOG00000054513	0.308024299931385	0.0536346898027529	4.0804728567969	0.0131442339368617	0.989512720661823	NA
ENSRNOG00000054518	0	NA	NA	NA	NA	NA
ENSRNOG00000054521	0.30643429659014	1.78542823591434	4.04974093088919	0.440874679734715	0.659303725205446	NA
ENSRNOG00000054531	0.860887397851259	-0.510884811993236	2.66975940759005	-0.191359869560082	0.848243658483191	NA
ENSRNOG00000054570	0	NA	NA	NA	NA	NA
ENSRNOG00000054586	26.53272999048	0.17900426481536	0.483348747273398	0.370341840803631	0.711127802077081	0.885939648411065
ENSRNOG00000054636	0	NA	NA	NA	NA	NA
ENSRNOG00000054657	0	NA	NA	NA	NA	NA
ENSRNOG00000054669	453.459840691031	-0.180597015566574	0.138474285135078	-1.30419171610387	0.192168223624656	0.441902258731588
ENSRNOG00000054677	0	NA	NA	NA	NA	NA
ENSRNOG00000054685	0	NA	NA	NA	NA	NA
ENSRNOG00000054686	0	NA	NA	NA	NA	NA
ENSRNOG00000054691	0	NA	NA	NA	NA	NA
ENSRNOG00000054704	0	NA	NA	NA	NA	NA
ENSRNOG00000054706	0	NA	NA	NA	NA	NA
ENSRNOG00000054716	0.513636542959537	-0.88264540510923	4.03425763130276	-0.218787565340541	0.826815533643835	NA
ENSRNOG00000054855	64.6302841977184	0.589514073462312	0.369245744776691	1.59653586209594	0.110369205656085	0.308089440387574
ENSRNOG00000054857	0.166904791710091	-0.908145989626105	4.0804728567969	-0.222559007619275	0.823878743404926	NA
ENSRNOG00000054885	0	NA	NA	NA	NA	NA
ENSRNOG00000054896	488.351288246394	0.0104097078475656	0.134188569220006	0.0775752205129977	0.938165954132733	0.981002983242742
ENSRNOG00000054903	0	NA	NA	NA	NA	NA
ENSRNOG00000054916	0	NA	NA	NA	NA	NA
ENSRNOG00000054929	0.168658143165405	-0.908145989626105	4.0804728567969	-0.222559007619275	0.823878743404926	NA
ENSRNOG00000054945	0.180346063181631	1.01540736201638	4.0804728567969	0.248845513167673	0.803480283788506	NA
ENSRNOG00000054969	0	NA	NA	NA	NA	NA
ENSRNOG00000054995	0	NA	NA	NA	NA	NA
ENSRNOG00000055015	0.660664813188839	1.52747842374123	3.32557225961002	0.459312955635598	0.646009445501091	NA
ENSRNOG00000055024	1.65145632271706	-3.01294811002457	2.10398464060991	-1.43202001187194	0.152138094224564	NA
ENSRNOG00000055068	209.447718357404	0.189493508214713	0.234301019417913	0.808760920825193	0.418652678685885	0.704957091206555
ENSRNOG00000055083	0	NA	NA	NA	NA	NA
ENSRNOG00000055092	0	NA	NA	NA	NA	NA
ENSRNOG00000055144	0	NA	NA	NA	NA	NA
ENSRNOG00000055205	0	NA	NA	NA	NA	NA
ENSRNOG00000055215	0	NA	NA	NA	NA	NA
ENSRNOG00000055280	0	NA	NA	NA	NA	NA
ENSRNOG00000055299	0	NA	NA	NA	NA	NA
ENSRNOG00000055319	2281.40442495079	0.153432641903564	0.113052972787115	1.35717476613805	0.174725686575288	0.418379855010553
ENSRNOG00000055338	0	NA	NA	NA	NA	NA
ENSRNOG00000055341	0	NA	NA	NA	NA	NA
ENSRNOG00000055347	0	NA	NA	NA	NA	NA
ENSRNOG00000055372	1.18076296591294	1.33772692278513	2.37917684210975	0.56226460307965	0.573935751372647	NA
ENSRNOG00000055396	0	NA	NA	NA	NA	NA
ENSRNOG00000055442	0	NA	NA	NA	NA	NA
ENSRNOG00000055471	826.459362130297	-0.148061150949344	0.137458737877848	-1.07713160498329	0.281421475316928	0.554347207982778
ENSRNOG00000055494	0	NA	NA	NA	NA	NA
ENSRNOG00000055507	0	NA	NA	NA	NA	NA
ENSRNOG00000055511	0	NA	NA	NA	NA	NA
ENSRNOG00000055559	0	NA	NA	NA	NA	NA
ENSRNOG00000055589	0	NA	NA	NA	NA	NA
ENSRNOG00000055596	0	NA	NA	NA	NA	NA
ENSRNOG00000055601	0	NA	NA	NA	NA	NA
ENSRNOG00000055646	0	NA	NA	NA	NA	NA
ENSRNOG00000055664	0	NA	NA	NA	NA	NA
ENSRNOG00000055684	0	NA	NA	NA	NA	NA
ENSRNOG00000055710	0	NA	NA	NA	NA	NA
ENSRNOG00000055752	0.176320256628727	1.01540736201638	4.0804728567969	0.248845513167673	0.803480283788506	NA
ENSRNOG00000055797	0	NA	NA	NA	NA	NA
ENSRNOG00000055849	1.48908021795818	2.91736132743136	2.23166602684825	1.30725713092094	0.191125398299516	NA
ENSRNOG00000055850	9.68743608870526	0.437452908215381	0.845807296884284	0.517201624798976	0.605015417930924	0.826748817172623
ENSRNOG00000055875	0	NA	NA	NA	NA	NA
ENSRNOG00000055902	1.98531248630762	-0.444741286659488	1.5837782608238	-0.280810324058973	0.778855884663629	NA
ENSRNOG00000055911	3.91314564362964	-0.209974995629764	1.15989763526307	-0.181028902246308	0.856344890085526	0.94505715142631
ENSRNOG00000055956	0	NA	NA	NA	NA	NA
ENSRNOG00000055970	0	NA	NA	NA	NA	NA
ENSRNOG00000055991	0	NA	NA	NA	NA	NA
ENSRNOG00000056048	0	NA	NA	NA	NA	NA
ENSRNOG00000056056	0	NA	NA	NA	NA	NA
ENSRNOG00000056117	0	NA	NA	NA	NA	NA
ENSRNOG00000056124	0	NA	NA	NA	NA	NA
ENSRNOG00000056139	0	NA	NA	NA	NA	NA
ENSRNOG00000056148	158.508877616949	-0.185573288138336	0.22619477507865	-0.820413681411565	0.411980318686297	0.698226384267036
ENSRNOG00000056150	1292.1420606635	0.226749626355448	0.125641202346636	1.8047393858096	0.0711154734816549	0.229149858996444
ENSRNOG00000056158	0	NA	NA	NA	NA	NA
ENSRNOG00000056162	8.42540442986447	-1.6536238013967	0.888816697087599	-1.86047787672662	0.0628179456276114	0.208859666354224
ENSRNOG00000056196	0	NA	NA	NA	NA	NA
ENSRNOG00000056287	0	NA	NA	NA	NA	NA
ENSRNOG00000056382	12.2253238084593	0.334319607454673	0.684834940929315	0.48817545290695	0.625425570091588	0.845782765771525
ENSRNOG00000056438	0.49053343462588	-0.88264540510923	4.03425763130276	-0.218787565340541	0.826815533643835	NA
ENSRNOG00000056459	0	NA	NA	NA	NA	NA
ENSRNOG00000056502	0	NA	NA	NA	NA	NA
ENSRNOG00000056503	0.154807151636315	-0.908145989626105	4.0804728567969	-0.222559007619275	0.823878743404926	NA
ENSRNOG00000056557	0	NA	NA	NA	NA	NA
ENSRNOG00000056561	0	NA	NA	NA	NA	NA
ENSRNOG00000056604	0	NA	NA	NA	NA	NA
ENSRNOG00000056613	0	NA	NA	NA	NA	NA
ENSRNOG00000056621	0.349004206347036	0.0536346898027528	4.0804728567969	0.0131442339368617	0.989512720661823	NA
ENSRNOG00000056634	0	NA	NA	NA	NA	NA
ENSRNOG00000056722	16.6279808500666	-1.66296257152268	0.720508320210252	-2.30804076077485	0.0209968695075571	0.0933843165828494
ENSRNOG00000056747	0	NA	NA	NA	NA	NA
ENSRNOG00000056749	1.51536333297433	1.10577940797108	2.00024899948475	0.552820877928658	0.580386070769786	NA
ENSRNOG00000056762	0	NA	NA	NA	NA	NA
ENSRNOG00000056767	12.2291493678053	-0.990094726103121	0.833168640083864	-1.18834852690022	0.234696126623162	0.504846193711799
ENSRNOG00000056778	13.8256259809722	0.0871440314512844	0.664590457614854	0.131124409706446	0.895676891719185	0.960047920898182
ENSRNOG00000056826	87.6853753830651	0.405725535445644	0.524463937218152	0.77360044543326	0.439167108604672	0.716407338997861
ENSRNOG00000056869	0	NA	NA	NA	NA	NA
ENSRNOG00000056871	0	NA	NA	NA	NA	NA
ENSRNOG00000056872	0	NA	NA	NA	NA	NA
ENSRNOG00000056900	0	NA	NA	NA	NA	NA
ENSRNOG00000056944	10116.8835566966	1.66232424180687	0.156495806785402	10.6221647464738	2.35046155503451e-26	1.53367616466002e-24
ENSRNOG00000056966	0	NA	NA	NA	NA	NA
ENSRNOG00000057027	6.36841237091095	-0.177337793112522	0.954288580434638	-0.185832458596279	0.852576149585212	0.942891419668391
ENSRNOG00000057056	602.059725529484	0.481010662525994	0.123492942963048	3.8950457490508	9.8180197134717e-05	0.00104591965110862
ENSRNOG00000057070	1.94800263091667	-0.00790323196190981	1.77327713609741	-0.00445685099132506	0.996443959176809	NA
ENSRNOG00000057178	0	NA	NA	NA	NA	NA
ENSRNOG00000057207	2.4580858907952	-1.99898274271818	1.62815798230534	-1.227757235135	0.219538113651977	NA
ENSRNOG00000057321	2.38028392173746	-1.24910079906504	1.86409406225261	-0.670084640233014	0.502803835749208	NA
ENSRNOG00000057361	0	NA	NA	NA	NA	NA
ENSRNOG00000057383	0	NA	NA	NA	NA	NA
ENSRNOG00000057388	1.48703391438901	1.03017121390677	1.77902251461038	0.579065866478021	0.562544730563757	NA
ENSRNOG00000057438	0	NA	NA	NA	NA	NA
ENSRNOG00000057440	0.842600879711715	0.757650783325555	3.11290752047914	0.243390071289023	0.807703234561102	NA
ENSRNOG00000057444	0.488616735056496	-2.38519025830743	3.99484619251642	-0.597066856485146	0.550462744973836	NA
ENSRNOG00000057494	0	NA	NA	NA	NA	NA
ENSRNOG00000057504	0	NA	NA	NA	NA	NA
ENSRNOG00000057505	1.86570608307874	-0.21754829281163	1.92510651953972	-0.113005847003024	0.91002591967285	NA
ENSRNOG00000057514	0	NA	NA	NA	NA	NA
ENSRNOG00000057525	0	NA	NA	NA	NA	NA
ENSRNOG00000057537	5.18339354747845	0.927072771023249	1.05181752921753	0.881400761321136	0.378100945753698	0.678242933620036
ENSRNOG00000057570	0	NA	NA	NA	NA	NA
ENSRNOG00000057639	23.1753738433439	0.412413908110848	0.492989306824057	0.836557512307331	0.402841336341498	0.698179960587147
ENSRNOG00000057641	0	NA	NA	NA	NA	NA
ENSRNOG00000057703	11.9327943994197	3.02181527867829	1.32428390017705	2.28184853585722	0.022498284125753	0.0977500355973701
ENSRNOG00000057717	0.166904791710091	-0.908145989626105	4.0804728567969	-0.222559007619275	0.823878743404926	NA
ENSRNOG00000057726	0	NA	NA	NA	NA	NA
ENSRNOG00000057727	0	NA	NA	NA	NA	NA
ENSRNOG00000057790	0	NA	NA	NA	NA	NA
ENSRNOG00000057811	0	NA	NA	NA	NA	NA
ENSRNOG00000057816	15.2394129140465	-0.104234197686874	0.68403545237809	-0.152381279836444	0.878886221175359	0.94894939585782
ENSRNOG00000057821	208.539032912001	0.843390886340745	0.183046763853882	4.6075159625001	4.07507929463184e-06	5.4543369020457e-05
ENSRNOG00000057861	0.180346063181631	1.01540736201638	4.0804728567969	0.248845513167673	0.803480283788506	NA
ENSRNOG00000057919	39.2641489149911	0.556342411302892	0.459346966415039	1.21115943280273	0.225834307004505	0.497407207832707
ENSRNOG00000057932	0	NA	NA	NA	NA	NA
ENSRNOG00000057936	1.1844620762377	-0.267570849781843	2.805032456924	-0.0953895735221764	0.924005397438423	NA
ENSRNOG00000057953	0	NA	NA	NA	NA	NA
ENSRNOG00000057962	0	NA	NA	NA	NA	NA
ENSRNOG00000057975	0	NA	NA	NA	NA	NA
ENSRNOG00000058018	3.00899584548666	0.345730639267848	1.33239135471812	0.259481298826794	0.79526390939172	0.928697451235968
ENSRNOG00000058043	0	NA	NA	NA	NA	NA
ENSRNOG00000058054	0	NA	NA	NA	NA	NA
ENSRNOG00000058092	0	NA	NA	NA	NA	NA
ENSRNOG00000058176	0	NA	NA	NA	NA	NA
ENSRNOG00000058202	32.2387070412784	0.831350681423311	0.689130047334059	1.20637706139711	0.227672136553893	0.499348131433329
ENSRNOG00000058212	0	NA	NA	NA	NA	NA
ENSRNOG00000058302	0	NA	NA	NA	NA	NA
ENSRNOG00000058316	5.97361680071977	-1.51656540315726	0.997864251645009	-1.51981133772169	0.128558398790314	0.338540428816456
ENSRNOG00000058410	0	NA	NA	NA	NA	NA
ENSRNOG00000058429	0.154807151636315	-0.908145989626105	4.0804728567969	-0.222559007619275	0.823878743404926	NA
ENSRNOG00000058433	0.180346063181631	1.01540736201638	4.0804728567969	0.248845513167673	0.803480283788506	NA
ENSRNOG00000058434	11.8094486884906	-1.74612976894163	0.944134282484806	-1.8494506568982	0.0643927665171004	0.212740658999534
ENSRNOG00000058471	0	NA	NA	NA	NA	NA
ENSRNOG00000058474	0.15321714829507	1.01540736201638	4.0804728567969	0.248845513167673	0.803480283788506	NA
ENSRNOG00000058481	0	NA	NA	NA	NA	NA
ENSRNOG00000058492	0	NA	NA	NA	NA	NA
ENSRNOG00000058513	0.15321714829507	1.01540736201638	4.0804728567969	0.248845513167673	0.803480283788506	NA
ENSRNOG00000058588	214.097845261252	-0.127080637859966	0.199181405055498	-0.638014566794313	0.523464197792051	0.761511052195121
ENSRNOG00000058665	0.671125869750991	-2.84005870288526	3.91323010700589	-0.725758165307141	0.467987037275344	NA
ENSRNOG00000058679	1.28892782106907	-1.62842523489275	2.31325169599516	-0.703955059327083	0.48146076115715	NA
ENSRNOG00000058688	0	NA	NA	NA	NA	NA
ENSRNOG00000058705	0	NA	NA	NA	NA	NA
ENSRNOG00000058706	0	NA	NA	NA	NA	NA
ENSRNOG00000058717	0	NA	NA	NA	NA	NA
ENSRNOG00000058724	122.210713112088	-0.0013650661499563	0.268630688900232	-0.0050815718618928	0.995945509716219	0.997857113381702
ENSRNOG00000058760	0.525324462975763	1.01113316362538	3.595433069712	0.28122708558899	0.77853623133126	NA
ENSRNOG00000058778	0	NA	NA	NA	NA	NA
ENSRNOG00000058780	0.486780359771771	2.43846887815425	3.99829953708522	0.609876487626015	0.541943628870976	NA
ENSRNOG00000058788	0	NA	NA	NA	NA	NA
ENSRNOG00000058894	0	NA	NA	NA	NA	NA
ENSRNOG00000058903	0.335562934875495	-1.83786476698326	4.03483017162905	-0.45549990676342	0.648749634634173	NA
ENSRNOG00000058935	4.11979114280425	0.821598959634951	1.22850359040702	0.668780267351715	0.503635655986612	0.754709933738412
ENSRNOG00000058945	0	NA	NA	NA	NA	NA
ENSRNOG00000058991	0	NA	NA	NA	NA	NA
ENSRNOG00000059010	15.950576536254	-1.6270797254414	0.674600187108731	-2.41191709776261	0.0158688893293798	0.07814679462204
ENSRNOG00000059029	0	NA	NA	NA	NA	NA
ENSRNOG00000059038	0	NA	NA	NA	NA	NA
ENSRNOG00000059061	472.573710258708	-0.0136644783493019	0.141813653832711	-0.0963551673622417	0.923238497646434	0.975567805205342
ENSRNOG00000059082	0	NA	NA	NA	NA	NA
ENSRNOG00000059094	3.20005442481431	-0.0836648730527245	1.34073717268267	-0.0624021432070241	0.95024258825587	0.982230952612999
ENSRNOG00000059123	0	NA	NA	NA	NA	NA
ENSRNOG00000059140	11.481215765405	-0.0381314780068907	0.886676139990003	-0.0430049668499263	0.96569757454465	0.993390139949119
ENSRNOG00000059179	0	NA	NA	NA	NA	NA
ENSRNOG00000059213	0	NA	NA	NA	NA	NA
ENSRNOG00000059283	0	NA	NA	NA	NA	NA
ENSRNOG00000059284	0	NA	NA	NA	NA	NA
ENSRNOG00000059285	0	NA	NA	NA	NA	NA
ENSRNOG00000059384	0	NA	NA	NA	NA	NA
ENSRNOG00000059394	0.154807151636315	-0.908145989626105	4.0804728567969	-0.222559007619275	0.823878743404926	NA
ENSRNOG00000059419	0	NA	NA	NA	NA	NA
ENSRNOG00000059469	2.69248999197685	0.797335253986233	1.3730689905407	0.580695696632295	0.561445562571385	0.785722744402849
ENSRNOG00000059475	1.6747491389201	0.662054041712558	2.1400518456722	0.309363552594028	0.757044992225866	NA
ENSRNOG00000059479	749.256096260867	-2.08757831773189	0.216795073471071	-9.62927009506262	6.01552454728536e-22	2.85463983062087e-20
ENSRNOG00000059490	139.01443043152	-0.155099690672743	0.326945585118186	-0.474389922153795	0.635221878252782	0.850265236220504
ENSRNOG00000059504	0	NA	NA	NA	NA	NA
ENSRNOG00000059565	0	NA	NA	NA	NA	NA
ENSRNOG00000059582	4.09123442325779	-2.28209659998264	1.68905866759576	-1.35110558547444	0.176661612514744	0.419169826057711
ENSRNOG00000059583	0	NA	NA	NA	NA	NA
ENSRNOG00000059586	0.154807151636315	-0.908145989626105	4.0804728567969	-0.222559007619275	0.823878743404926	NA
ENSRNOG00000059587	0	NA	NA	NA	NA	NA
ENSRNOG00000059599	0.849199477835032	-1.87985606197812	3.10379027724454	-0.605664653233917	0.544737460293494	NA
ENSRNOG00000059624	2.03570785764191	0.0658280430521584	1.57029296377683	0.041920867360846	0.96656178127048	NA
ENSRNOG00000059646	0	NA	NA	NA	NA	NA
ENSRNOG00000059715	1595.0817791739	-1.02767500965471	0.171483795374979	-5.99284035793307	2.06207257967306e-09	3.84429245210478e-08
ENSRNOG00000059729	0	NA	NA	NA	NA	NA
ENSRNOG00000059730	0	NA	NA	NA	NA	NA
ENSRNOG00000059747	0	NA	NA	NA	NA	NA
ENSRNOG00000059848	0	NA	NA	NA	NA	NA
ENSRNOG00000059852	0	NA	NA	NA	NA	NA
ENSRNOG00000059859	136.314596826992	0.203089640999785	0.267053628685858	0.760482611673046	0.446966159161167	0.716407338997861
ENSRNOG00000059908	0	NA	NA	NA	NA	NA
ENSRNOG00000059915	0	NA	NA	NA	NA	NA
ENSRNOG00000059932	0	NA	NA	NA	NA	NA
ENSRNOG00000059950	0	NA	NA	NA	NA	NA
ENSRNOG00000060007	0	NA	NA	NA	NA	NA
ENSRNOG00000060037	0.15321714829507	1.01540736201638	4.0804728567969	0.248845513167673	0.803480283788506	NA
ENSRNOG00000060039	2.99241609863205	-0.591251577686559	1.30397730223491	-0.453421678945793	0.650245128830364	0.856800342251383
ENSRNOG00000060060	0	NA	NA	NA	NA	NA
ENSRNOG00000060073	0	NA	NA	NA	NA	NA
ENSRNOG00000060076	0	NA	NA	NA	NA	NA
ENSRNOG00000060080	0	NA	NA	NA	NA	NA
ENSRNOG00000060106	0	NA	NA	NA	NA	NA
ENSRNOG00000060110	0.488370363113016	0.928900795706799	3.66967151525059	0.253129140264035	0.80016842130493	NA
ENSRNOG00000060138	0	NA	NA	NA	NA	NA
ENSRNOG00000060157	4.99589833513552	-0.150629819812464	1.02799361779739	-0.146527971773996	0.883504609936591	0.94894939585782
ENSRNOG00000060186	0	NA	NA	NA	NA	NA
ENSRNOG00000060245	0.166904791710091	-0.908145989626105	4.0804728567969	-0.222559007619275	0.823878743404926	NA
ENSRNOG00000060277	0	NA	NA	NA	NA	NA
ENSRNOG00000060340	2187.01099484046	-0.174403364701155	0.087874912868339	-1.98467752636591	0.0471803607401352	0.168685947303771
ENSRNOG00000060346	0	NA	NA	NA	NA	NA
ENSRNOG00000060369	0	NA	NA	NA	NA	NA
ENSRNOG00000060432	0	NA	NA	NA	NA	NA
ENSRNOG00000060489	1.02176665960965	1.04194118304678	2.23908472418511	0.465342455241834	0.641686236175014	NA
ENSRNOG00000060498	0.154807151636315	-0.908145989626105	4.0804728567969	-0.222559007619275	0.823878743404926	NA
ENSRNOG00000060518	13.2286428534087	0.552731885947566	0.654472132437932	0.844546098377971	0.398364314848509	0.698179960587147
ENSRNOG00000060533	0	NA	NA	NA	NA	NA
ENSRNOG00000060547	2.73690631579696	-1.18102321145501	1.52375740819157	-0.775072990691264	0.438296530407591	0.716407338997861
ENSRNOG00000060602	0	NA	NA	NA	NA	NA
ENSRNOG00000060606	0.335153214817946	0.053634689802753	4.0804728567969	0.0131442339368617	0.989512720661823	NA
ENSRNOG00000060641	0	NA	NA	NA	NA	NA
ENSRNOG00000060665	105.526395080521	0.475801022982772	0.395840532682692	1.20200177520521	0.229362840302807	0.500951475473076
ENSRNOG00000060672	3.0264629235111	0.68705192563838	1.32541401396613	0.518367784253665	0.604201687441653	0.826748817172623
ENSRNOG00000060673	0	NA	NA	NA	NA	NA
ENSRNOG00000060691	0.15321714829507	1.01540736201638	4.0804728567969	0.248845513167673	0.803480283788506	NA
ENSRNOG00000060726	0	NA	NA	NA	NA	NA
ENSRNOG00000060757	0	NA	NA	NA	NA	NA
ENSRNOG00000060782	0.166904791710091	-0.908145989626105	4.0804728567969	-0.222559007619275	0.823878743404926	NA
ENSRNOG00000060804	0.166904791710091	-0.908145989626105	4.0804728567969	-0.222559007619275	0.823878743404926	NA
ENSRNOG00000060825	808.019081119185	0.689661212882027	0.129981805452521	5.30582884643761	1.12162162641107e-07	1.72201908525464e-06
ENSRNOG00000060890	0.335153214817946	0.053634689802753	4.0804728567969	0.0131442339368617	0.989512720661823	NA
ENSRNOG00000060891	0	NA	NA	NA	NA	NA
ENSRNOG00000060904	0	NA	NA	NA	NA	NA
ENSRNOG00000060971	0	NA	NA	NA	NA	NA
ENSRNOG00000061005	8.35137207783632	-0.699319708823107	0.846100834507129	-0.826520528407794	0.408508877931806	0.698179960587147
ENSRNOG00000061022	0	NA	NA	NA	NA	NA
ENSRNOG00000061025	0	NA	NA	NA	NA	NA
ENSRNOG00000061029	0	NA	NA	NA	NA	NA
ENSRNOG00000061065	0	NA	NA	NA	NA	NA
ENSRNOG00000061069	0	NA	NA	NA	NA	NA
ENSRNOG00000061119	9.19228485656614	2.37710023120159	0.917077293037137	2.59203913263321	0.00954089183079455	0.0513437684090181
ENSRNOG00000061121	1224.67487471384	0.114608235594533	0.0996414925006357	1.15020593046417	0.250059064214487	0.515932140395108
ENSRNOG00000061143	0	NA	NA	NA	NA	NA
ENSRNOG00000061144	0	NA	NA	NA	NA	NA
ENSRNOG00000061204	0	NA	NA	NA	NA	NA
ENSRNOG00000061229	0	NA	NA	NA	NA	NA
ENSRNOG00000061231	60.1134945709963	0.00771447104639382	0.392835617677216	0.0196379113788318	0.984332220751036	0.993851874723483
ENSRNOG00000061254	0	NA	NA	NA	NA	NA
ENSRNOG00000061258	0	NA	NA	NA	NA	NA
ENSRNOG00000061271	0.168658143165405	-0.908145989626105	4.0804728567969	-0.222559007619275	0.823878743404926	NA
ENSRNOG00000061276	0	NA	NA	NA	NA	NA
ENSRNOG00000061314	0	NA	NA	NA	NA	NA
ENSRNOG00000061322	0	NA	NA	NA	NA	NA
ENSRNOG00000061332	0	NA	NA	NA	NA	NA
ENSRNOG00000061409	5.23395721806491	0.389833452833444	1.03073482388686	0.378209257899521	0.705275148574674	0.885939648411065
ENSRNOG00000061438	2.51775973868937	0.270298338640665	1.42478277334623	0.18971196430586	0.849534844913298	0.942891419668391
ENSRNOG00000061473	0	NA	NA	NA	NA	NA
ENSRNOG00000061477	0	NA	NA	NA	NA	NA
ENSRNOG00000061516	0	NA	NA	NA	NA	NA
ENSRNOG00000061527	0.180346063181631	1.01540736201638	4.0804728567969	0.248845513167673	0.803480283788506	NA
ENSRNOG00000061566	0	NA	NA	NA	NA	NA
ENSRNOG00000061590	0.176320256628727	1.01540736201638	4.0804728567969	0.248845513167673	0.803480283788506	NA
ENSRNOG00000061602	0.166904791710091	-0.908145989626105	4.0804728567969	-0.222559007619275	0.823878743404926	NA
ENSRNOG00000061611	0	NA	NA	NA	NA	NA
ENSRNOG00000061615	0	NA	NA	NA	NA	NA
ENSRNOG00000061683	0	NA	NA	NA	NA	NA
ENSRNOG00000061697	0	NA	NA	NA	NA	NA
ENSRNOG00000061727	0	NA	NA	NA	NA	NA
ENSRNOG00000061779	6.99483061257286	-1.07990088453038	0.969652468589059	-1.11369889678283	0.265408382761027	0.53698905349324
ENSRNOG00000061793	0	NA	NA	NA	NA	NA
ENSRNOG00000061840	0	NA	NA	NA	NA	NA
ENSRNOG00000061848	2.28669899230427	-4.61128139845227	2.08847173639944	-2.20796926196483	0.0272464159603149	NA
ENSRNOG00000061910	173.452013389419	0.122848925515692	0.307711349489759	0.399234300975242	0.68972057127358	0.884585894752511
ENSRNOG00000061922	0.335153214817946	0.053634689802753	4.0804728567969	0.0131442339368617	0.989512720661823	NA
